General Input/Output section (file.cio):                                        
4/9/2015 12:00:00 AM ARCGIS-SWAT interface AV                                   
                                                                                


 Year  Day Step  FLOWm^3/s    SEDmg/L   ORGNmg/L   ORGPmg/L    NO3mg/L    NH3mg/L    NO2mg/L   MINPmg/L   CBODmg/L  DISOXmg/L   CHLAug/L SOLPSTmg/L SORPSTmg/L  BACTPct/L BACTLPct/LCMETAL1mg/LCMETAL2mg/LCMETAL3mg/L   TEMPdegC
 1985    1      0  0.161E-04  0.000E+00  0.118E-04  0.295E-04  0.529E-02  0.396E-01  0.696E-05  0.237E-03  0.000E+00  0.900E-02  0.000E+00  0.000E+00  0.000E+00  0.000E+00  0.000E+00  0.000E+00  0.000E+00  0.000E+00  0.703E+01
 1985    2      0  0.238E-04  0.000E+00  0.000E+00  0.000E+00  0.000E+00  0.000E+00  0.000E+00  0.000E+00  0.000E+00  0.000E+00  0.000E+00  0.000E+00  0.000E+00  0.000E+00  0.000E+00  0.000E+00  0.000E+00  0.000E+00  0.309E+01
 1985    3      0  0.284E+00  0.621E+03  0.142E+01  0.398E+00  0.416E+00  0.259E+00  0.258E-01  0.122E+00  0.000E+00  0.127E+02  0.000E+00  0.000E+00  0.000E+00  0.000E+00  0.000E+00  0.000E+00  0.000E+00  0.000E+00  0.462E+01
 1985    4      0  0.236E+00  0.235E+03  0.236E+01  0.639E+00  0.100E+01  0.516E+00  0.646E-01  0.270E+00  0.000E+00  0.119E+02  0.000E+00  0.000E+00  0.000E+00  0.000E+00  0.000E+00  0.000E+00  0.000E+00  0.000E+00  0.680E+01
 1985    5      0  0.332E+00  0.264E+02  0.368E+00  0.960E-01  0.755E+00  0.117E+00  0.126E-01  0.541E-01  0.000E+00  0.120E+02  0.000E+00  0.000E+00  0.000E+00  0.000E+00  0.000E+00  0.000E+00  0.000E+00  0.000E+00  0.684E+01
 1985    6      0  0.339E+00  0.281E+01  0.335E-01  0.847E-02  0.530E+00  0.263E-01  0.310E-02  0.806E-02  0.000E+00  0.111E+02  0.000E+00  0.000E+00  0.000E+00  0.000E+00  0.000E+00  0.000E+00  0.000E+00  0.000E+00  0.100E+02
 1985    7      0  0.338E+00  0.674E+00  0.484E-02  0.115E-02  0.465E+00  0.162E-01  0.209E-02  0.267E-02  0.000E+00  0.108E+02  0.000E+00  0.000E+00  0.000E+00  0.000E+00  0.000E+00  0.000E+00  0.000E+00  0.000E+00  0.113E+02
 1985    8      0  0.346E+00  0.102E+00  0.623E-03  0.146E-03  0.440E+00  0.123E-01  0.139E-02  0.131E-02  0.000E+00  0.114E+02  0.000E+00  0.000E+00  0.000E+00  0.000E+00  0.000E+00  0.000E+00  0.000E+00  0.000E+00  0.924E+01
 1985    9      0  0.378E+00  0.126E+02  0.318E-01  0.789E-02  0.431E+00  0.192E-01  0.279E-02  0.430E-02  0.000E+00  0.105E+02  0.000E+00  0.000E+00  0.000E+00  0.000E+00  0.000E+00  0.000E+00  0.000E+00  0.000E+00  0.124E+02
 1985   10      0  0.331E+00  0.691E+00  0.359E-02  0.876E-03  0.373E+00  0.127E-01  0.144E-02  0.152E-02  0.000E+00  0.113E+02  0.000E+00  0.000E+00  0.000E+00  0.000E+00  0.000E+00  0.000E+00  0.000E+00  0.000E+00  0.961E+01
 1985   11      0  0.360E+00  0.171E+00  0.578E-03  0.136E-03  0.363E+00  0.954E-02  0.845E-03  0.895E-03  0.000E+00  0.123E+02  0.000E+00  0.000E+00  0.000E+00  0.000E+00  0.000E+00  0.000E+00  0.000E+00  0.000E+00  0.605E+01
 1985   12      0  0.386E+00  0.515E-01  0.133E-03  0.309E-04  0.351E+00  0.773E-02  0.559E-03  0.686E-03  0.000E+00  0.133E+02  0.000E+00  0.000E+00  0.000E+00  0.000E+00  0.000E+00  0.000E+00  0.000E+00  0.000E+00  0.312E+01
 1985   13      0  0.385E+00  0.154E-01  0.321E-04  0.858E-05  0.333E+00  0.844E-02  0.687E-03  0.731E-03  0.000E+00  0.127E+02  0.000E+00  0.000E+00  0.000E+00  0.000E+00  0.000E+00  0.000E+00  0.000E+00  0.000E+00  0.474E+01
 1985   14      0  0.338E+00  0.272E+01  0.629E-02  0.161E-02  0.307E+00  0.117E-01  0.123E-02  0.147E-02  0.000E+00  0.117E+02  0.000E+00  0.000E+00  0.000E+00  0.000E+00  0.000E+00  0.000E+00  0.000E+00  0.000E+00  0.823E+01
 1985   15      0  0.339E+00  0.706E-01  0.619E-03  0.160E-03  0.292E+00  0.109E-01  0.112E-02  0.939E-03  0.000E+00  0.119E+02  0.000E+00  0.000E+00  0.000E+00  0.000E+00  0.000E+00  0.000E+00  0.000E+00  0.000E+00  0.736E+01
 1985   16      0  0.501E+00  0.101E+04  0.222E+01  0.615E+00  0.530E+00  0.373E+00  0.440E-01  0.185E+00  0.000E+00  0.106E+02  0.000E+00  0.000E+00  0.000E+00  0.000E+00  0.000E+00  0.000E+00  0.000E+00  0.000E+00  0.115E+02
 1985   17      0  0.269E+00  0.545E+01  0.208E+00  0.580E-01  0.686E+00  0.602E-01  0.775E-02  0.239E-01  0.000E+00  0.110E+02  0.000E+00  0.000E+00  0.000E+00  0.000E+00  0.000E+00  0.000E+00  0.000E+00  0.000E+00  0.105E+02
 1985   18      0  0.439E+00  0.354E+01  0.313E-01  0.807E-02  0.398E+00  0.206E-01  0.265E-02  0.592E-02  0.000E+00  0.104E+02  0.000E+00  0.000E+00  0.000E+00  0.000E+00  0.000E+00  0.000E+00  0.000E+00  0.000E+00  0.128E+02
 1985   19      0  0.272E+00  0.922E+00  0.509E-02  0.120E-02  0.599E+00  0.190E-01  0.319E-02  0.302E-02  0.000E+00  0.105E+02  0.000E+00  0.000E+00  0.000E+00  0.000E+00  0.000E+00  0.000E+00  0.000E+00  0.000E+00  0.124E+02
 1985   20      0  0.476E+00  0.212E+00  0.100E-02  0.234E-03  0.362E+00  0.680E-02  0.439E-03  0.790E-03  0.000E+00  0.138E+02  0.000E+00  0.000E+00  0.000E+00  0.000E+00  0.000E+00  0.000E+00  0.000E+00  0.000E+00  0.193E+01
 1985   21      0  0.249E+00  0.618E-01  0.216E-03  0.479E-04  0.533E+00  0.101E-01  0.977E-03  0.981E-03  0.000E+00  0.131E+02  0.000E+00  0.000E+00  0.000E+00  0.000E+00  0.000E+00  0.000E+00  0.000E+00  0.000E+00  0.369E+01
 1985   22      0  0.416E+00  0.144E-01  0.304E-04  0.770E-05  0.320E+00  0.796E-02  0.694E-03  0.652E-03  0.000E+00  0.123E+02  0.000E+00  0.000E+00  0.000E+00  0.000E+00  0.000E+00  0.000E+00  0.000E+00  0.000E+00  0.616E+01
 1985   23      0  0.265E+00  0.373E-02  0.761E-05  0.383E-05  0.506E+00  0.115E-01  0.130E-02  0.971E-03  0.000E+00  0.123E+02  0.000E+00  0.000E+00  0.000E+00  0.000E+00  0.000E+00  0.000E+00  0.000E+00  0.000E+00  0.616E+01
 1985   24      0  0.421E+00  0.101E-02  0.115E-05  0.188E-05  0.292E+00  0.102E-01  0.146E-02  0.834E-03  0.000E+00  0.108E+02  0.000E+00  0.000E+00  0.000E+00  0.000E+00  0.000E+00  0.000E+00  0.000E+00  0.000E+00  0.114E+02
 1985   25      0  0.185E+00  0.356E-03  0.000E+00  0.214E-05  0.414E+00  0.193E-01  0.372E-02  0.173E-02  0.000E+00  0.101E+02  0.000E+00  0.000E+00  0.000E+00  0.000E+00  0.000E+00  0.000E+00  0.000E+00  0.000E+00  0.143E+02
 1985   26      0  0.409E+00  0.759E-04  0.000E+00  0.178E-05  0.275E+00  0.951E-02  0.980E-03  0.665E-03  0.000E+00  0.117E+02  0.000E+00  0.000E+00  0.000E+00  0.000E+00  0.000E+00  0.000E+00  0.000E+00  0.000E+00  0.823E+01
 1985   27      0  0.492E+00  0.523E+03  0.140E+01  0.386E+00  0.705E+00  0.240E+00  0.300E-01  0.148E+00  0.000E+00  0.101E+02  0.000E+00  0.000E+00  0.000E+00  0.000E+00  0.000E+00  0.000E+00  0.000E+00  0.000E+00  0.137E+02
 1985   28      0  0.395E+00  0.133E+02  0.158E+00  0.446E-01  0.610E+00  0.410E-01  0.345E-02  0.198E-01  0.000E+00  0.116E+02  0.000E+00  0.000E+00  0.000E+00  0.000E+00  0.000E+00  0.000E+00  0.000E+00  0.000E+00  0.838E+01
 1985   29      0  0.508E+00  0.101E+01  0.170E-01  0.461E-02  0.458E+00  0.138E-01  0.158E-02  0.379E-02  0.000E+00  0.109E+02  0.000E+00  0.000E+00  0.000E+00  0.000E+00  0.000E+00  0.000E+00  0.000E+00  0.000E+00  0.110E+02
 1985   30      0  0.298E+00  0.274E+00  0.277E-02  0.659E-03  0.686E+00  0.186E-01  0.344E-02  0.275E-02  0.000E+00  0.994E+01  0.000E+00  0.000E+00  0.000E+00  0.000E+00  0.000E+00  0.000E+00  0.000E+00  0.000E+00  0.149E+02
 1985   31      0  0.512E+00  0.352E+02  0.974E-01  0.257E-01  0.568E+00  0.187E-01  0.125E-02  0.655E-02  0.000E+00  0.130E+02  0.000E+00  0.000E+00  0.000E+00  0.000E+00  0.000E+00  0.000E+00  0.000E+00  0.000E+00  0.395E+01
 1985   32      0  0.317E+00  0.106E+01  0.132E-01  0.351E-02  0.849E+00  0.102E-01  0.608E-03  0.201E-02  0.000E+00  0.144E+02  0.000E+00  0.000E+00  0.000E+00  0.000E+00  0.000E+00  0.000E+00  0.000E+00  0.000E+00  0.387E+00
 1985   33      0  0.497E+00  0.274E+00  0.249E-02  0.623E-03  0.522E+00  0.633E-02  0.326E-03  0.854E-03  0.000E+00  0.145E+02  0.000E+00  0.000E+00  0.000E+00  0.000E+00  0.000E+00  0.000E+00  0.000E+00  0.000E+00 -0.212E+01
 1985   34      0  0.302E+00  0.881E-01  0.826E-03  0.181E-03  0.785E+00  0.824E-02  0.524E-03  0.953E-03  0.000E+00  0.145E+02  0.000E+00  0.000E+00  0.000E+00  0.000E+00  0.000E+00  0.000E+00  0.000E+00  0.000E+00 -0.512E+00
 1985   35      0  0.490E+00  0.272E-01  0.327E-03  0.633E-04  0.480E+00  0.676E-02  0.519E-03  0.693E-03  0.000E+00  0.128E+02  0.000E+00  0.000E+00  0.000E+00  0.000E+00  0.000E+00  0.000E+00  0.000E+00  0.000E+00  0.447E+01
 1985   36      0  0.298E+00  0.127E-01  0.256E-03  0.440E-04  0.731E+00  0.980E-02  0.896E-03  0.106E-02  0.000E+00  0.129E+02  0.000E+00  0.000E+00  0.000E+00  0.000E+00  0.000E+00  0.000E+00  0.000E+00  0.000E+00  0.421E+01
 1985   37      0  0.485E+00  0.573E-02  0.145E-03  0.237E-04  0.437E+00  0.656E-02  0.561E-03  0.644E-03  0.000E+00  0.129E+02  0.000E+00  0.000E+00  0.000E+00  0.000E+00  0.000E+00  0.000E+00  0.000E+00  0.000E+00  0.436E+01
 1985   38      0  0.277E+00  0.365E-02  0.119E-03  0.190E-04  0.696E+00  0.105E-01  0.922E-03  0.968E-03  0.000E+00  0.134E+02  0.000E+00  0.000E+00  0.000E+00  0.000E+00  0.000E+00  0.000E+00  0.000E+00  0.000E+00  0.294E+01
 1985   39      0  0.565E+01  0.841E+04  0.271E+02  0.663E+01  0.736E-01  0.108E+01  0.270E-01  0.539E+00  0.000E+00  0.122E+02  0.000E+00  0.000E+00  0.000E+00  0.000E+00  0.000E+00  0.000E+00  0.000E+00  0.000E+00  0.522E+01
 1985   40      0  0.530E+00  0.000E+00  0.130E+02  0.351E+01  0.628E+00  0.175E+01  0.194E+00  0.753E+00  0.000E+00  0.971E+01  0.000E+00  0.000E+00  0.000E+00  0.000E+00  0.000E+00  0.000E+00  0.000E+00  0.000E+00  0.119E+02
 1985   41      0  0.105E+01  0.862E+03  0.350E+01  0.979E+00  0.493E+00  0.419E+00  0.341E-01  0.184E+00  0.000E+00  0.106E+02  0.000E+00  0.000E+00  0.000E+00  0.000E+00  0.000E+00  0.000E+00  0.000E+00  0.000E+00  0.113E+02
 1985   42      0  0.416E+00  0.000E+00  0.699E+00  0.202E+00  0.102E+01  0.973E-01  0.691E-02  0.347E-01  0.000E+00  0.120E+02  0.000E+00  0.000E+00  0.000E+00  0.000E+00  0.000E+00  0.000E+00  0.000E+00  0.000E+00  0.703E+01
 1985   43      0  0.518E+00  0.000E+00  0.118E+00  0.340E-01  0.739E+00  0.263E-01  0.189E-02  0.722E-02  0.000E+00  0.117E+02  0.000E+00  0.000E+00  0.000E+00  0.000E+00  0.000E+00  0.000E+00  0.000E+00  0.000E+00  0.800E+01
 1985   44      0  0.283E+00  0.000E+00  0.289E-01  0.805E-02  0.105E+01  0.217E-01  0.263E-02  0.365E-02  0.000E+00  0.108E+02  0.000E+00  0.000E+00  0.000E+00  0.000E+00  0.000E+00  0.000E+00  0.000E+00  0.000E+00  0.114E+02
 1985   45      0  0.474E+00  0.000E+00  0.599E-02  0.167E-02  0.693E+00  0.110E-01  0.128E-02  0.132E-02  0.000E+00  0.110E+02  0.000E+00  0.000E+00  0.000E+00  0.000E+00  0.000E+00  0.000E+00  0.000E+00  0.000E+00  0.105E+02
 1985   46      0  0.283E+00  0.000E+00  0.180E-02  0.505E-03  0.961E+00  0.131E-01  0.169E-02  0.128E-02  0.000E+00  0.112E+02  0.000E+00  0.000E+00  0.000E+00  0.000E+00  0.000E+00  0.000E+00  0.000E+00  0.000E+00  0.999E+01
 1985   47      0  0.458E+00  0.000E+00  0.350E-03  0.986E-04  0.602E+00  0.100E-01  0.156E-02  0.777E-03  0.000E+00  0.103E+02  0.000E+00  0.000E+00  0.000E+00  0.000E+00  0.000E+00  0.000E+00  0.000E+00  0.000E+00  0.132E+02
 1985   48      0  0.311E+00  0.000E+00  0.861E-04  0.245E-04  0.908E+00  0.173E-01  0.286E-02  0.145E-02  0.000E+00  0.100E+02  0.000E+00  0.000E+00  0.000E+00  0.000E+00  0.000E+00  0.000E+00  0.000E+00  0.000E+00  0.145E+02
 1985   49      0  0.492E+00  0.802E+01  0.189E-01  0.466E-02  0.561E+00  0.154E-01  0.263E-02  0.291E-02  0.000E+00  0.984E+01  0.000E+00  0.000E+00  0.000E+00  0.000E+00  0.000E+00  0.000E+00  0.000E+00  0.000E+00  0.154E+02
 1985   50      0  0.309E+00  0.298E+00  0.224E-02  0.529E-03  0.813E+00  0.191E-01  0.381E-02  0.213E-02  0.000E+00  0.975E+01  0.000E+00  0.000E+00  0.000E+00  0.000E+00  0.000E+00  0.000E+00  0.000E+00  0.000E+00  0.158E+02
 1985   51      0  0.532E+00  0.148E+03  0.359E+00  0.983E-01  0.503E+00  0.740E-01  0.110E-01  0.364E-01  0.000E+00  0.991E+01  0.000E+00  0.000E+00  0.000E+00  0.000E+00  0.000E+00  0.000E+00  0.000E+00  0.000E+00  0.149E+02
 1985   52      0  0.292E+00  0.448E+01  0.192E+00  0.460E-01  0.695E+00  0.728E-01  0.169E-01  0.282E-01  0.000E+00  0.917E+01  0.000E+00  0.000E+00  0.000E+00  0.000E+00  0.000E+00  0.000E+00  0.000E+00  0.000E+00  0.183E+02
 1985   53      0  0.490E+00  0.827E+01  0.335E-01  0.790E-02  0.448E+00  0.269E-01  0.626E-02  0.663E-02  0.000E+00  0.897E+01  0.000E+00  0.000E+00  0.000E+00  0.000E+00  0.000E+00  0.000E+00  0.000E+00  0.000E+00  0.195E+02
 1985   54      0  0.314E+01  0.438E+04  0.121E+02  0.304E+01  0.170E+00  0.114E+01  0.949E-01  0.498E+00  0.000E+00  0.860E+01  0.000E+00  0.000E+00  0.000E+00  0.000E+00  0.000E+00  0.000E+00  0.000E+00  0.000E+00  0.174E+02
 1985   55      0  0.115E+01  0.000E+00  0.236E+01  0.655E+00  0.367E+00  0.249E+00  0.168E-01  0.962E-01  0.000E+00  0.106E+02  0.000E+00  0.000E+00  0.000E+00  0.000E+00  0.000E+00  0.000E+00  0.000E+00  0.000E+00  0.117E+02
 1985   56      0  0.102E+01  0.000E+00  0.420E+00  0.116E+00  0.381E+00  0.678E-01  0.487E-02  0.222E-01  0.000E+00  0.103E+02  0.000E+00  0.000E+00  0.000E+00  0.000E+00  0.000E+00  0.000E+00  0.000E+00  0.000E+00  0.132E+02
 1985   57      0  0.749E+00  0.000E+00  0.757E-01  0.206E-01  0.420E+00  0.215E-01  0.242E-02  0.515E-02  0.000E+00  0.971E+01  0.000E+00  0.000E+00  0.000E+00  0.000E+00  0.000E+00  0.000E+00  0.000E+00  0.000E+00  0.159E+02
 1985   58      0  0.565E+00  0.000E+00  0.188E-01  0.524E-02  0.526E+00  0.121E-01  0.128E-02  0.175E-02  0.000E+00  0.106E+02  0.000E+00  0.000E+00  0.000E+00  0.000E+00  0.000E+00  0.000E+00  0.000E+00  0.000E+00  0.123E+02
 1985   59      0  0.793E+00  0.125E+04  0.316E+01  0.844E+00  0.469E+00  0.424E+00  0.384E-01  0.189E+00  0.000E+00  0.106E+02  0.000E+00  0.000E+00  0.000E+00  0.000E+00  0.000E+00  0.000E+00  0.000E+00  0.000E+00  0.112E+02
 1985   60      0  0.528E+00  0.000E+00  0.275E+00  0.757E-01  0.539E+00  0.606E-01  0.821E-02  0.199E-01  0.000E+00  0.931E+01  0.000E+00  0.000E+00  0.000E+00  0.000E+00  0.000E+00  0.000E+00  0.000E+00  0.000E+00  0.177E+02
 1985   61      0  0.409E+00  0.000E+00  0.414E-01  0.112E-01  0.539E+00  0.219E-01  0.378E-02  0.428E-02  0.000E+00  0.937E+01  0.000E+00  0.000E+00  0.000E+00  0.000E+00  0.000E+00  0.000E+00  0.000E+00  0.000E+00  0.176E+02
 1985   62      0  0.447E+00  0.554E+02  0.118E+00  0.287E-01  0.548E+00  0.387E-01  0.751E-02  0.129E-01  0.000E+00  0.916E+01  0.000E+00  0.000E+00  0.000E+00  0.000E+00  0.000E+00  0.000E+00  0.000E+00  0.000E+00  0.185E+02
 1985   63      0  0.511E+00  0.236E+03  0.645E+00  0.175E+00  0.504E+00  0.122E+00  0.167E-01  0.625E-01  0.000E+00  0.983E+01  0.000E+00  0.000E+00  0.000E+00  0.000E+00  0.000E+00  0.000E+00  0.000E+00  0.000E+00  0.151E+02
 1985   64      0  0.374E+00  0.217E+02  0.752E-01  0.201E-01  0.496E+00  0.315E-01  0.324E-02  0.984E-02  0.000E+00  0.106E+02  0.000E+00  0.000E+00  0.000E+00  0.000E+00  0.000E+00  0.000E+00  0.000E+00  0.000E+00  0.119E+02
 1985   65      0  0.402E+00  0.124E+01  0.675E-02  0.174E-02  0.491E+00  0.145E-01  0.248E-02  0.236E-02  0.000E+00  0.101E+02  0.000E+00  0.000E+00  0.000E+00  0.000E+00  0.000E+00  0.000E+00  0.000E+00  0.000E+00  0.141E+02
 1985   66      0  0.433E+00  0.155E+02  0.325E-01  0.789E-02  0.481E+00  0.204E-01  0.386E-02  0.489E-02  0.000E+00  0.961E+01  0.000E+00  0.000E+00  0.000E+00  0.000E+00  0.000E+00  0.000E+00  0.000E+00  0.000E+00  0.164E+02
 1985   67      0  0.424E+00  0.552E+00  0.299E-02  0.696E-03  0.464E+00  0.154E-01  0.351E-02  0.213E-02  0.000E+00  0.921E+01  0.000E+00  0.000E+00  0.000E+00  0.000E+00  0.000E+00  0.000E+00  0.000E+00  0.000E+00  0.184E+02
 1985   68      0  0.417E+00  0.125E+00  0.411E-03  0.864E-04  0.450E+00  0.175E-01  0.446E-02  0.192E-02  0.000E+00  0.878E+01  0.000E+00  0.000E+00  0.000E+00  0.000E+00  0.000E+00  0.000E+00  0.000E+00  0.000E+00  0.206E+02
 1985   69      0  0.403E+00  0.297E-01  0.651E-04  0.135E-04  0.436E+00  0.156E-01  0.397E-02  0.166E-02  0.000E+00  0.897E+01  0.000E+00  0.000E+00  0.000E+00  0.000E+00  0.000E+00  0.000E+00  0.000E+00  0.000E+00  0.196E+02
 1985   70      0  0.394E+00  0.713E-02  0.108E-04  0.321E-05  0.423E+00  0.168E-01  0.435E-02  0.166E-02  0.000E+00  0.874E+01  0.000E+00  0.000E+00  0.000E+00  0.000E+00  0.000E+00  0.000E+00  0.000E+00  0.000E+00  0.208E+02
 1985   71      0  0.389E+00  0.373E+02  0.751E-01  0.183E-01  0.412E+00  0.282E-01  0.512E-02  0.842E-02  0.000E+00  0.958E+01  0.000E+00  0.000E+00  0.000E+00  0.000E+00  0.000E+00  0.000E+00  0.000E+00  0.000E+00  0.165E+02
 1985   72      0  0.453E+00  0.310E+03  0.715E+00  0.187E+00  0.383E+00  0.172E+00  0.346E-01  0.862E-01  0.000E+00  0.907E+01  0.000E+00  0.000E+00  0.000E+00  0.000E+00  0.000E+00  0.000E+00  0.000E+00  0.000E+00  0.184E+02
 1985   73      0  0.146E+02  0.239E+04  0.944E+01  0.239E+01  0.484E-01  0.377E+00  0.124E-01  0.190E+00  0.000E+00  0.104E+02  0.000E+00  0.000E+00  0.000E+00  0.000E+00  0.000E+00  0.000E+00  0.000E+00  0.000E+00  0.121E+02
 1985   74      0  0.356E+01  0.000E+00  0.285E+01  0.802E+00  0.159E+00  0.200E+00  0.102E-01  0.101E+00  0.000E+00  0.104E+02  0.000E+00  0.000E+00  0.000E+00  0.000E+00  0.000E+00  0.000E+00  0.000E+00  0.000E+00  0.124E+02
 1985   75      0  0.348E+01  0.298E+02  0.526E+00  0.152E+00  0.162E+00  0.446E-01  0.238E-02  0.208E-01  0.000E+00  0.103E+02  0.000E+00  0.000E+00  0.000E+00  0.000E+00  0.000E+00  0.000E+00  0.000E+00  0.000E+00  0.134E+02
 1985   76      0  0.213E+01  0.000E+00  0.117E+00  0.340E-01  0.219E+00  0.145E-01  0.109E-02  0.550E-02  0.000E+00  0.101E+02  0.000E+00  0.000E+00  0.000E+00  0.000E+00  0.000E+00  0.000E+00  0.000E+00  0.000E+00  0.143E+02
 1985   77      0  0.147E+01  0.000E+00  0.295E-01  0.851E-02  0.276E+00  0.762E-02  0.701E-03  0.180E-02  0.000E+00  0.998E+01  0.000E+00  0.000E+00  0.000E+00  0.000E+00  0.000E+00  0.000E+00  0.000E+00  0.000E+00  0.148E+02
 1985   78      0  0.121E+01  0.821E+01  0.283E-01  0.758E-02  0.337E+00  0.994E-02  0.111E-02  0.209E-02  0.000E+00  0.972E+01  0.000E+00  0.000E+00  0.000E+00  0.000E+00  0.000E+00  0.000E+00  0.000E+00  0.000E+00  0.159E+02
 1985   79      0  0.116E+01  0.848E+03  0.218E+01  0.586E+00  0.376E+00  0.288E+00  0.324E-01  0.137E+00  0.000E+00  0.932E+01  0.000E+00  0.000E+00  0.000E+00  0.000E+00  0.000E+00  0.000E+00  0.000E+00  0.000E+00  0.169E+02
 1985   80      0  0.793E+00  0.430E+01  0.299E+00  0.827E-01  0.446E+00  0.593E-01  0.479E-02  0.204E-01  0.000E+00  0.103E+02  0.000E+00  0.000E+00  0.000E+00  0.000E+00  0.000E+00  0.000E+00  0.000E+00  0.000E+00  0.134E+02
 1985   81      0  0.730E+00  0.268E+01  0.654E-01  0.171E-01  0.399E+00  0.243E-01  0.252E-02  0.728E-02  0.000E+00  0.100E+02  0.000E+00  0.000E+00  0.000E+00  0.000E+00  0.000E+00  0.000E+00  0.000E+00  0.000E+00  0.146E+02
 1985   82      0  0.540E+00  0.316E+00  0.111E-01  0.290E-02  0.442E+00  0.133E-01  0.208E-02  0.218E-02  0.000E+00  0.960E+01  0.000E+00  0.000E+00  0.000E+00  0.000E+00  0.000E+00  0.000E+00  0.000E+00  0.000E+00  0.165E+02
 1985   83      0  0.490E+00  0.287E+00  0.281E-02  0.693E-03  0.445E+00  0.147E-01  0.262E-02  0.169E-02  0.000E+00  0.925E+01  0.000E+00  0.000E+00  0.000E+00  0.000E+00  0.000E+00  0.000E+00  0.000E+00  0.000E+00  0.182E+02
 1985   84      0  0.449E+00  0.240E-01  0.495E-03  0.131E-03  0.442E+00  0.143E-01  0.297E-02  0.127E-02  0.000E+00  0.909E+01  0.000E+00  0.000E+00  0.000E+00  0.000E+00  0.000E+00  0.000E+00  0.000E+00  0.000E+00  0.190E+02
 1985   85      0  0.549E+00  0.964E+02  0.212E+00  0.520E-01  0.455E+00  0.552E-01  0.101E-01  0.201E-01  0.000E+00  0.904E+01  0.000E+00  0.000E+00  0.000E+00  0.000E+00  0.000E+00  0.000E+00  0.000E+00  0.000E+00  0.191E+02
 1985   86      0  0.521E+00  0.226E+01  0.300E-01  0.706E-02  0.422E+00  0.252E-01  0.557E-02  0.520E-02  0.000E+00  0.862E+01  0.000E+00  0.000E+00  0.000E+00  0.000E+00  0.000E+00  0.000E+00  0.000E+00  0.000E+00  0.215E+02
 1985   87      0  0.375E+00  0.520E+00  0.263E-02  0.582E-03  0.398E+00  0.204E-01  0.553E-02  0.256E-02  0.000E+00  0.831E+01  0.000E+00  0.000E+00  0.000E+00  0.000E+00  0.000E+00  0.000E+00  0.000E+00  0.000E+00  0.232E+02
 1985   88      0  0.480E+00  0.400E+00  0.377E-03  0.784E-04  0.392E+00  0.179E-01  0.487E-02  0.178E-02  0.000E+00  0.840E+01  0.000E+00  0.000E+00  0.000E+00  0.000E+00  0.000E+00  0.000E+00  0.000E+00  0.000E+00  0.227E+02
 1985   89      0  0.496E+00  0.384E+02  0.906E-01  0.226E-01  0.381E+00  0.294E-01  0.451E-02  0.902E-02  0.000E+00  0.979E+01  0.000E+00  0.000E+00  0.000E+00  0.000E+00  0.000E+00  0.000E+00  0.000E+00  0.000E+00  0.156E+02
 1985   90      0  0.397E+00  0.951E+00  0.697E-02  0.174E-02  0.358E+00  0.136E-01  0.211E-02  0.186E-02  0.000E+00  0.102E+02  0.000E+00  0.000E+00  0.000E+00  0.000E+00  0.000E+00  0.000E+00  0.000E+00  0.000E+00  0.138E+02
 1985   91      0  0.387E+00  0.225E+00  0.830E-03  0.195E-03  0.346E+00  0.142E-01  0.242E-02  0.140E-02  0.000E+00  0.969E+01  0.000E+00  0.000E+00  0.000E+00  0.000E+00  0.000E+00  0.000E+00  0.000E+00  0.000E+00  0.161E+02
 1985   92      0  0.362E+00  0.641E-01  0.110E-03  0.254E-04  0.334E+00  0.153E-01  0.264E-02  0.118E-02  0.000E+00  0.957E+01  0.000E+00  0.000E+00  0.000E+00  0.000E+00  0.000E+00  0.000E+00  0.000E+00  0.000E+00  0.166E+02
 1985   93      0  0.318E+00  0.191E-01  0.124E-04  0.374E-05  0.322E+00  0.183E-01  0.411E-02  0.127E-02  0.000E+00  0.886E+01  0.000E+00  0.000E+00  0.000E+00  0.000E+00  0.000E+00  0.000E+00  0.000E+00  0.000E+00  0.202E+02
 1985   94      0  0.268E+00  0.616E-02  0.137E-05  0.153E-05  0.308E+00  0.189E-01  0.461E-02  0.129E-02  0.000E+00  0.887E+01  0.000E+00  0.000E+00  0.000E+00  0.000E+00  0.000E+00  0.000E+00  0.000E+00  0.000E+00  0.201E+02
 1985   95      0  0.312E+00  0.174E-02  0.000E+00  0.149E-05  0.303E+00  0.162E-01  0.307E-02  0.990E-03  0.000E+00  0.940E+01  0.000E+00  0.000E+00  0.000E+00  0.000E+00  0.000E+00  0.000E+00  0.000E+00  0.000E+00  0.174E+02
 1985   96      0  0.317E+00  0.717E-03  0.000E+00  0.149E-05  0.294E+00  0.163E-01  0.312E-02  0.999E-03  0.000E+00  0.935E+01  0.000E+00  0.000E+00  0.000E+00  0.000E+00  0.000E+00  0.000E+00  0.000E+00  0.000E+00  0.177E+02
 1985   97      0  0.422E+00  0.219E-03  0.000E+00  0.163E-05  0.295E+00  0.137E-01  0.262E-02  0.803E-03  0.000E+00  0.960E+01  0.000E+00  0.000E+00  0.000E+00  0.000E+00  0.000E+00  0.000E+00  0.000E+00  0.000E+00  0.165E+02
 1985   98      0  0.429E+00  0.266E+02  0.587E-01  0.145E-01  0.308E+00  0.240E-01  0.379E-02  0.636E-02  0.000E+00  0.102E+02  0.000E+00  0.000E+00  0.000E+00  0.000E+00  0.000E+00  0.000E+00  0.000E+00  0.000E+00  0.140E+02
 1985   99      0  0.359E+00  0.744E+00  0.473E-02  0.114E-02  0.277E+00  0.163E-01  0.276E-02  0.196E-02  0.000E+00  0.964E+01  0.000E+00  0.000E+00  0.000E+00  0.000E+00  0.000E+00  0.000E+00  0.000E+00  0.000E+00  0.163E+02
 1985  100      0  0.409E+00  0.169E+00  0.690E-03  0.154E-03  0.272E+00  0.137E-01  0.274E-02  0.145E-02  0.000E+00  0.958E+01  0.000E+00  0.000E+00  0.000E+00  0.000E+00  0.000E+00  0.000E+00  0.000E+00  0.000E+00  0.166E+02
 1985  101      0  0.406E+00  0.112E+02  0.227E-01  0.539E-02  0.272E+00  0.213E-01  0.450E-02  0.407E-02  0.000E+00  0.920E+01  0.000E+00  0.000E+00  0.000E+00  0.000E+00  0.000E+00  0.000E+00  0.000E+00  0.000E+00  0.184E+02
 1985  102      0  0.372E+00  0.372E+00  0.197E-02  0.457E-03  0.255E+00  0.165E-01  0.351E-02  0.190E-02  0.000E+00  0.919E+01  0.000E+00  0.000E+00  0.000E+00  0.000E+00  0.000E+00  0.000E+00  0.000E+00  0.000E+00  0.185E+02
 1985  103      0  0.433E+00  0.558E+03  0.101E+01  0.262E+00  0.275E+00  0.235E+00  0.547E-01  0.124E+00  0.000E+00  0.880E+01  0.000E+00  0.000E+00  0.000E+00  0.000E+00  0.000E+00  0.000E+00  0.000E+00  0.000E+00  0.194E+02
 1985  104      0  0.328E+00  0.425E+02  0.100E+00  0.246E-01  0.234E+00  0.540E-01  0.115E-01  0.179E-01  0.000E+00  0.892E+01  0.000E+00  0.000E+00  0.000E+00  0.000E+00  0.000E+00  0.000E+00  0.000E+00  0.000E+00  0.197E+02
 1985  105      0  0.282E+00  0.478E+01  0.798E-02  0.184E-02  0.221E+00  0.237E-01  0.749E-02  0.437E-02  0.000E+00  0.841E+01  0.000E+00  0.000E+00  0.000E+00  0.000E+00  0.000E+00  0.000E+00  0.000E+00  0.000E+00  0.226E+02
 1985  106      0  0.260E+00  0.166E+01  0.902E-03  0.205E-03  0.213E+00  0.194E-01  0.564E-02  0.249E-02  0.000E+00  0.871E+01  0.000E+00  0.000E+00  0.000E+00  0.000E+00  0.000E+00  0.000E+00  0.000E+00  0.000E+00  0.210E+02
 1985  107      0  0.267E+00  0.579E+00  0.115E-03  0.265E-04  0.209E+00  0.206E-01  0.532E-02  0.206E-02  0.000E+00  0.873E+01  0.000E+00  0.000E+00  0.000E+00  0.000E+00  0.000E+00  0.000E+00  0.000E+00  0.000E+00  0.209E+02
 1985  108      0  0.257E+00  0.244E+00  0.154E-04  0.453E-05  0.203E+00  0.187E-01  0.540E-02  0.191E-02  0.000E+00  0.872E+01  0.000E+00  0.000E+00  0.000E+00  0.000E+00  0.000E+00  0.000E+00  0.000E+00  0.000E+00  0.209E+02
 1985  109      0  0.375E+00  0.781E-01  0.303E-05  0.209E-05  0.209E+00  0.169E-01  0.424E-02  0.145E-02  0.000E+00  0.895E+01  0.000E+00  0.000E+00  0.000E+00  0.000E+00  0.000E+00  0.000E+00  0.000E+00  0.000E+00  0.197E+02
 1985  110      0  0.494E+00  0.238E+03  0.525E+00  0.137E+00  0.170E+00  0.129E+00  0.306E-01  0.758E-01  0.000E+00  0.829E+01  0.000E+00  0.000E+00  0.000E+00  0.000E+00  0.000E+00  0.000E+00  0.000E+00  0.000E+00  0.227E+02
 1985  111      0  0.390E+00  0.903E+01  0.492E-01  0.123E-01  0.183E+00  0.366E-01  0.857E-02  0.119E-01  0.000E+00  0.854E+01  0.000E+00  0.000E+00  0.000E+00  0.000E+00  0.000E+00  0.000E+00  0.000E+00  0.000E+00  0.218E+02
 1985  112      0  0.496E+00  0.243E+03  0.524E+00  0.135E+00  0.156E+00  0.123E+00  0.315E-01  0.767E-01  0.000E+00  0.820E+01  0.000E+00  0.000E+00  0.000E+00  0.000E+00  0.000E+00  0.000E+00  0.000E+00  0.000E+00  0.232E+02
 1985  113      0  0.438E+00  0.103E+02  0.522E-01  0.127E-01  0.174E+00  0.363E-01  0.952E-02  0.130E-01  0.000E+00  0.843E+01  0.000E+00  0.000E+00  0.000E+00  0.000E+00  0.000E+00  0.000E+00  0.000E+00  0.000E+00  0.224E+02
 1985  114      0  0.287E+00  0.148E+01  0.462E-02  0.111E-02  0.157E+00  0.188E-01  0.458E-02  0.322E-02  0.000E+00  0.894E+01  0.000E+00  0.000E+00  0.000E+00  0.000E+00  0.000E+00  0.000E+00  0.000E+00  0.000E+00  0.197E+02
 1985  115      0  0.375E+00  0.366E+00  0.660E-03  0.149E-03  0.193E+00  0.172E-01  0.403E-02  0.219E-02  0.000E+00  0.888E+01  0.000E+00  0.000E+00  0.000E+00  0.000E+00  0.000E+00  0.000E+00  0.000E+00  0.000E+00  0.201E+02
 1985  116      0  0.431E+00  0.408E+01  0.106E-01  0.244E-02  0.144E+01  0.186E-01  0.487E-02  0.379E-02  0.000E+00  0.882E+01  0.000E+00  0.000E+00  0.000E+00  0.000E+00  0.000E+00  0.000E+00  0.000E+00  0.000E+00  0.204E+02
 1985  117      0  0.410E+00  0.157E+00  0.888E-03  0.188E-03  0.288E+00  0.207E-01  0.647E-02  0.265E-02  0.000E+00  0.836E+01  0.000E+00  0.000E+00  0.000E+00  0.000E+00  0.000E+00  0.000E+00  0.000E+00  0.000E+00  0.229E+02
 1985  118      0  0.482E+00  0.761E+02  0.156E+00  0.408E-01  0.557E+00  0.489E-01  0.133E-01  0.294E-01  0.000E+00  0.837E+01  0.000E+00  0.000E+00  0.000E+00  0.000E+00  0.000E+00  0.000E+00  0.000E+00  0.000E+00  0.227E+02
 1985  119      0  0.490E+00  0.205E+01  0.841E-01  0.225E-01  0.247E+01  0.368E-01  0.852E-02  0.188E-01  0.000E+00  0.861E+01  0.000E+00  0.000E+00  0.000E+00  0.000E+00  0.000E+00  0.000E+00  0.000E+00  0.000E+00  0.214E+02
 1985  120      0  0.421E+00  0.106E+01  0.871E-02  0.207E-02  0.451E+00  0.236E-01  0.690E-02  0.584E-02  0.000E+00  0.831E+01  0.000E+00  0.000E+00  0.000E+00  0.000E+00  0.000E+00  0.000E+00  0.000E+00  0.000E+00  0.232E+02
 1985  121      0  0.262E+00  0.309E-03  0.549E-03  0.141E-03  0.206E+00  0.183E-01  0.511E-02  0.263E-02  0.000E+00  0.867E+01  0.000E+00  0.000E+00  0.000E+00  0.000E+00  0.000E+00  0.000E+00  0.000E+00  0.000E+00  0.212E+02
 1985  122      0  0.327E+00  0.878E-01  0.715E-04  0.189E-04  0.194E+00  0.170E-01  0.420E-02  0.195E-02  0.000E+00  0.882E+01  0.000E+00  0.000E+00  0.000E+00  0.000E+00  0.000E+00  0.000E+00  0.000E+00  0.000E+00  0.204E+02
 1985  123      0  0.331E+00  0.490E-01  0.111E-04  0.387E-05  0.190E+00  0.168E-01  0.403E-02  0.157E-02  0.000E+00  0.889E+01  0.000E+00  0.000E+00  0.000E+00  0.000E+00  0.000E+00  0.000E+00  0.000E+00  0.000E+00  0.200E+02
 1985  124      0  0.310E+00  0.230E-01  0.166E-05  0.174E-05  0.185E+00  0.188E-01  0.437E-02  0.153E-02  0.000E+00  0.892E+01  0.000E+00  0.000E+00  0.000E+00  0.000E+00  0.000E+00  0.000E+00  0.000E+00  0.000E+00  0.198E+02
 1985  125      0  0.291E+00  0.924E-02  0.000E+00  0.139E-05  0.181E+00  0.187E-01  0.530E-02  0.176E-02  0.000E+00  0.862E+01  0.000E+00  0.000E+00  0.000E+00  0.000E+00  0.000E+00  0.000E+00  0.000E+00  0.000E+00  0.215E+02
 1985  126      0  0.259E+00  0.393E-02  0.000E+00  0.132E-05  0.174E+00  0.190E-01  0.566E-02  0.190E-02  0.000E+00  0.858E+01  0.000E+00  0.000E+00  0.000E+00  0.000E+00  0.000E+00  0.000E+00  0.000E+00  0.000E+00  0.217E+02
 1985  127      0  0.188E+00  0.000E+00  0.000E+00  0.122E-05  0.167E+00  0.216E-01  0.758E-02  0.245E-02  0.000E+00  0.833E+01  0.000E+00  0.000E+00  0.000E+00  0.000E+00  0.000E+00  0.000E+00  0.000E+00  0.000E+00  0.231E+02
 1985  128      0  0.437E+00  0.178E+02  0.162E-01  0.563E-02  0.103E+02  0.234E-01  0.703E-02  0.928E-02  0.000E+00  0.826E+01  0.000E+00  0.000E+00  0.000E+00  0.000E+00  0.000E+00  0.000E+00  0.000E+00  0.000E+00  0.235E+02
 1985  129      0  0.365E+00  0.236E+00  0.127E-02  0.434E-03  0.138E+01  0.219E-01  0.604E-02  0.349E-02  0.000E+00  0.847E+01  0.000E+00  0.000E+00  0.000E+00  0.000E+00  0.000E+00  0.000E+00  0.000E+00  0.000E+00  0.223E+02
 1985  130      0  0.222E+00  0.113E+00  0.113E-03  0.369E-04  0.303E+00  0.214E-01  0.788E-02  0.333E-02  0.000E+00  0.820E+01  0.000E+00  0.000E+00  0.000E+00  0.000E+00  0.000E+00  0.000E+00  0.000E+00  0.000E+00  0.239E+02
 1985  131      0  0.356E+00  0.203E-01  0.164E-04  0.612E-05  0.194E+00  0.209E-01  0.720E-02  0.259E-02  0.000E+00  0.811E+01  0.000E+00  0.000E+00  0.000E+00  0.000E+00  0.000E+00  0.000E+00  0.000E+00  0.000E+00  0.245E+02
 1985  132      0  0.216E+00  0.852E-04  0.231E-05  0.175E-05  0.161E+00  0.219E-01  0.877E-02  0.270E-02  0.000E+00  0.808E+01  0.000E+00  0.000E+00  0.000E+00  0.000E+00  0.000E+00  0.000E+00  0.000E+00  0.000E+00  0.246E+02
 1985  133      0  0.441E+00  0.138E+02  0.868E-02  0.376E-02  0.152E+00  0.219E-01  0.669E-02  0.857E-02  0.000E+00  0.818E+01  0.000E+00  0.000E+00  0.000E+00  0.000E+00  0.000E+00  0.000E+00  0.000E+00  0.000E+00  0.240E+02
 1985  134      0  0.453E+00  0.144E+01  0.128E-01  0.481E-02  0.138E+00  0.195E-01  0.496E-02  0.815E-02  0.000E+00  0.880E+01  0.000E+00  0.000E+00  0.000E+00  0.000E+00  0.000E+00  0.000E+00  0.000E+00  0.000E+00  0.205E+02
 1985  135      0  0.320E+00  0.398E-01  0.880E-03  0.326E-03  0.139E+00  0.187E-01  0.513E-02  0.327E-02  0.000E+00  0.867E+01  0.000E+00  0.000E+00  0.000E+00  0.000E+00  0.000E+00  0.000E+00  0.000E+00  0.000E+00  0.212E+02
 1985  136      0  0.263E+00  0.150E-01  0.860E-04  0.297E-04  0.136E+00  0.241E-01  0.814E-02  0.343E-02  0.000E+00  0.801E+01  0.000E+00  0.000E+00  0.000E+00  0.000E+00  0.000E+00  0.000E+00  0.000E+00  0.000E+00  0.250E+02
 1985  137      0  0.228E+00  0.160E-03  0.112E-04  0.489E-05  0.129E+00  0.193E-01  0.574E-02  0.243E-02  0.000E+00  0.868E+01  0.000E+00  0.000E+00  0.000E+00  0.000E+00  0.000E+00  0.000E+00  0.000E+00  0.000E+00  0.211E+02
 1985  138      0  0.259E+00  0.000E+00  0.193E-05  0.189E-05  0.128E+00  0.180E-01  0.479E-02  0.189E-02  0.000E+00  0.890E+01  0.000E+00  0.000E+00  0.000E+00  0.000E+00  0.000E+00  0.000E+00  0.000E+00  0.000E+00  0.200E+02
 1985  139      0  0.209E+00  0.000E+00  0.000E+00  0.141E-05  0.125E+00  0.192E-01  0.593E-02  0.204E-02  0.000E+00  0.876E+01  0.000E+00  0.000E+00  0.000E+00  0.000E+00  0.000E+00  0.000E+00  0.000E+00  0.000E+00  0.207E+02
 1985  140      0  0.277E+00  0.419E-02  0.000E+00  0.144E-05  0.125E+00  0.209E-01  0.538E-02  0.179E-02  0.000E+00  0.875E+01  0.000E+00  0.000E+00  0.000E+00  0.000E+00  0.000E+00  0.000E+00  0.000E+00  0.000E+00  0.208E+02
 1985  141      0  0.346E+00  0.232E-02  0.000E+00  0.149E-05  0.129E+00  0.199E-01  0.602E-02  0.177E-02  0.000E+00  0.848E+01  0.000E+00  0.000E+00  0.000E+00  0.000E+00  0.000E+00  0.000E+00  0.000E+00  0.000E+00  0.222E+02
 1985  142      0  0.319E+00  0.149E-02  0.000E+00  0.147E-05  0.125E+00  0.205E-01  0.624E-02  0.186E-02  0.000E+00  0.846E+01  0.000E+00  0.000E+00  0.000E+00  0.000E+00  0.000E+00  0.000E+00  0.000E+00  0.000E+00  0.224E+02
 1985  143      0  0.315E+00  0.552E-03  0.000E+00  0.146E-05  0.124E+00  0.216E-01  0.694E-02  0.193E-02  0.000E+00  0.842E+01  0.000E+00  0.000E+00  0.000E+00  0.000E+00  0.000E+00  0.000E+00  0.000E+00  0.000E+00  0.226E+02
 1985  144      0  0.260E+00  0.237E-03  0.000E+00  0.141E-05  0.118E+00  0.212E-01  0.699E-02  0.210E-02  0.000E+00  0.846E+01  0.000E+00  0.000E+00  0.000E+00  0.000E+00  0.000E+00  0.000E+00  0.000E+00  0.000E+00  0.224E+02
 1985  145      0  0.171E+00  0.000E+00  0.000E+00  0.132E-05  0.110E+00  0.288E-01  0.906E-02  0.286E-02  0.000E+00  0.815E+01  0.000E+00  0.000E+00  0.000E+00  0.000E+00  0.000E+00  0.000E+00  0.000E+00  0.000E+00  0.242E+02
 1985  146      0  0.187E+00  0.000E+00  0.000E+00  0.127E-05  0.111E+00  0.263E-01  0.102E-01  0.301E-02  0.000E+00  0.796E+01  0.000E+00  0.000E+00  0.000E+00  0.000E+00  0.000E+00  0.000E+00  0.000E+00  0.000E+00  0.253E+02
 1985  147      0  0.224E+00  0.000E+00  0.000E+00  0.123E-05  0.112E+00  0.239E-01  0.108E-01  0.293E-02  0.000E+00  0.785E+01  0.000E+00  0.000E+00  0.000E+00  0.000E+00  0.000E+00  0.000E+00  0.000E+00  0.000E+00  0.260E+02
 1985  148      0  0.138E+00  0.000E+00  0.000E+00  0.119E-05  0.103E+00  0.284E-01  0.126E-01  0.383E-02  0.000E+00  0.768E+01  0.000E+00  0.000E+00  0.000E+00  0.000E+00  0.000E+00  0.000E+00  0.000E+00  0.000E+00  0.270E+02
 1985  149      0  0.127E+00  0.000E+00  0.000E+00  0.110E-05  0.104E+00  0.292E-01  0.147E-01  0.444E-02  0.000E+00  0.744E+01  0.000E+00  0.000E+00  0.000E+00  0.000E+00  0.000E+00  0.000E+00  0.000E+00  0.000E+00  0.286E+02
 1985  150      0  0.172E+00  0.000E+00  0.000E+00  0.119E-05  0.104E+00  0.348E-01  0.142E-01  0.398E-02  0.000E+00  0.744E+01  0.000E+00  0.000E+00  0.000E+00  0.000E+00  0.000E+00  0.000E+00  0.000E+00  0.000E+00  0.285E+02
 1985  151      0  0.142E+00  0.000E+00  0.000E+00  0.114E-05  0.994E-01  0.302E-01  0.142E-01  0.419E-02  0.000E+00  0.750E+01  0.000E+00  0.000E+00  0.000E+00  0.000E+00  0.000E+00  0.000E+00  0.000E+00  0.000E+00  0.282E+02
 1985  152      0  0.133E+00  0.000E+00  0.000E+00  0.116E-05  0.989E-01  0.293E-01  0.143E-01  0.421E-02  0.000E+00  0.755E+01  0.000E+00  0.000E+00  0.000E+00  0.000E+00  0.000E+00  0.000E+00  0.000E+00  0.000E+00  0.279E+02
 1985  153      0  0.171E+00  0.000E+00  0.000E+00  0.128E-05  0.962E-01  0.290E-01  0.122E-01  0.354E-02  0.000E+00  0.775E+01  0.000E+00  0.000E+00  0.000E+00  0.000E+00  0.000E+00  0.000E+00  0.000E+00  0.000E+00  0.266E+02
 1985  154      0  0.161E+00  0.000E+00  0.000E+00  0.125E-05  0.928E-01  0.291E-01  0.125E-01  0.370E-02  0.000E+00  0.770E+01  0.000E+00  0.000E+00  0.000E+00  0.000E+00  0.000E+00  0.000E+00  0.000E+00  0.000E+00  0.269E+02
 1985  155      0  0.182E+00  0.000E+00  0.000E+00  0.124E-05  0.933E-01  0.332E-01  0.128E-01  0.370E-02  0.000E+00  0.760E+01  0.000E+00  0.000E+00  0.000E+00  0.000E+00  0.000E+00  0.000E+00  0.000E+00  0.000E+00  0.275E+02
 1985  156      0  0.239E+00  0.607E-04  0.000E+00  0.131E-05  0.949E-01  0.249E-01  0.109E-01  0.292E-02  0.000E+00  0.788E+01  0.000E+00  0.000E+00  0.000E+00  0.000E+00  0.000E+00  0.000E+00  0.000E+00  0.000E+00  0.258E+02
 1985  157      0  0.723E+00  0.528E+02  0.420E-01  0.152E-01  0.586E-01  0.216E-01  0.597E-02  0.211E-01  0.000E+00  0.805E+01  0.000E+00  0.000E+00  0.000E+00  0.000E+00  0.000E+00  0.000E+00  0.000E+00  0.000E+00  0.248E+02
 1985  158      0  0.261E+00  0.259E+00  0.302E-02  0.112E-02  0.807E-01  0.222E-01  0.880E-02  0.598E-02  0.000E+00  0.794E+01  0.000E+00  0.000E+00  0.000E+00  0.000E+00  0.000E+00  0.000E+00  0.000E+00  0.000E+00  0.254E+02
 1985  159      0  0.254E+00  0.000E+00  0.278E-03  0.961E-04  0.821E-01  0.236E-01  0.105E-01  0.450E-02  0.000E+00  0.760E+01  0.000E+00  0.000E+00  0.000E+00  0.000E+00  0.000E+00  0.000E+00  0.000E+00  0.000E+00  0.276E+02
 1985  160      0  0.172E+00  0.000E+00  0.372E-04  0.138E-04  0.807E-01  0.304E-01  0.116E-01  0.453E-02  0.000E+00  0.759E+01  0.000E+00  0.000E+00  0.000E+00  0.000E+00  0.000E+00  0.000E+00  0.000E+00  0.000E+00  0.277E+02
 1985  161      0  0.222E+00  0.000E+00  0.499E-05  0.260E-05  0.811E-01  0.238E-01  0.107E-01  0.355E-02  0.000E+00  0.768E+01  0.000E+00  0.000E+00  0.000E+00  0.000E+00  0.000E+00  0.000E+00  0.000E+00  0.000E+00  0.271E+02
 1985  162      0  0.189E+00  0.000E+00  0.000E+00  0.131E-05  0.800E-01  0.251E-01  0.115E-01  0.341E-02  0.000E+00  0.768E+01  0.000E+00  0.000E+00  0.000E+00  0.000E+00  0.000E+00  0.000E+00  0.000E+00  0.000E+00  0.271E+02
 1985  163      0  0.206E+00  0.000E+00  0.000E+00  0.123E-05  0.760E-01  0.221E-01  0.868E-02  0.264E-02  0.000E+00  0.817E+01  0.000E+00  0.000E+00  0.000E+00  0.000E+00  0.000E+00  0.000E+00  0.000E+00  0.000E+00  0.241E+02
 1985  164      0  0.228E+00  0.000E+00  0.000E+00  0.127E-05  0.738E-01  0.210E-01  0.734E-02  0.231E-02  0.000E+00  0.838E+01  0.000E+00  0.000E+00  0.000E+00  0.000E+00  0.000E+00  0.000E+00  0.000E+00  0.000E+00  0.228E+02
 1985  165      0  0.230E+00  0.000E+00  0.000E+00  0.124E-05  0.741E-01  0.252E-01  0.902E-02  0.260E-02  0.000E+00  0.808E+01  0.000E+00  0.000E+00  0.000E+00  0.000E+00  0.000E+00  0.000E+00  0.000E+00  0.000E+00  0.246E+02
 1985  166      0  0.195E+00  0.000E+00  0.000E+00  0.112E-05  0.766E-01  0.262E-01  0.123E-01  0.349E-02  0.000E+00  0.758E+01  0.000E+00  0.000E+00  0.000E+00  0.000E+00  0.000E+00  0.000E+00  0.000E+00  0.000E+00  0.277E+02
 1985  167      0  0.178E+00  0.000E+00  0.000E+00  0.112E-05  0.757E-01  0.286E-01  0.137E-01  0.392E-02  0.000E+00  0.741E+01  0.000E+00  0.000E+00  0.000E+00  0.000E+00  0.000E+00  0.000E+00  0.000E+00  0.000E+00  0.288E+02
 1985  168      0  0.140E+00  0.000E+00  0.000E+00  0.115E-05  0.740E-01  0.301E-01  0.149E-01  0.424E-02  0.000E+00  0.745E+01  0.000E+00  0.000E+00  0.000E+00  0.000E+00  0.000E+00  0.000E+00  0.000E+00  0.000E+00  0.285E+02
 1985  169      0  0.483E+00  0.289E+02  0.255E-01  0.889E-02  0.608E-01  0.230E-01  0.726E-02  0.162E-01  0.000E+00  0.810E+01  0.000E+00  0.000E+00  0.000E+00  0.000E+00  0.000E+00  0.000E+00  0.000E+00  0.000E+00  0.245E+02
 1985  170      0  0.228E+00  0.160E+01  0.180E-02  0.599E-03  0.654E-01  0.256E-01  0.883E-02  0.557E-02  0.000E+00  0.813E+01  0.000E+00  0.000E+00  0.000E+00  0.000E+00  0.000E+00  0.000E+00  0.000E+00  0.000E+00  0.243E+02
 1985  171      0  0.341E+00  0.159E+00  0.240E-03  0.757E-04  0.656E-01  0.221E-01  0.735E-02  0.342E-02  0.000E+00  0.827E+01  0.000E+00  0.000E+00  0.000E+00  0.000E+00  0.000E+00  0.000E+00  0.000E+00  0.000E+00  0.235E+02
 1985  172      0  0.344E+00  0.683E+01  0.390E-02  0.175E-02  0.647E-01  0.224E-01  0.736E-02  0.669E-02  0.000E+00  0.823E+01  0.000E+00  0.000E+00  0.000E+00  0.000E+00  0.000E+00  0.000E+00  0.000E+00  0.000E+00  0.237E+02
 1985  173      0  0.348E+00  0.433E+01  0.605E-02  0.257E-02  0.614E-01  0.230E-01  0.765E-02  0.840E-02  0.000E+00  0.811E+01  0.000E+00  0.000E+00  0.000E+00  0.000E+00  0.000E+00  0.000E+00  0.000E+00  0.000E+00  0.244E+02
 1985  174      0  0.524E+00  0.220E+02  0.244E-01  0.839E-02  0.523E-01  0.226E-01  0.679E-02  0.153E-01  0.000E+00  0.805E+01  0.000E+00  0.000E+00  0.000E+00  0.000E+00  0.000E+00  0.000E+00  0.000E+00  0.000E+00  0.248E+02
 1985  175      0  0.255E+00  0.110E+01  0.158E-02  0.528E-03  0.562E-01  0.257E-01  0.915E-02  0.535E-02  0.000E+00  0.795E+01  0.000E+00  0.000E+00  0.000E+00  0.000E+00  0.000E+00  0.000E+00  0.000E+00  0.000E+00  0.254E+02
 1985  176      0  0.212E+00  0.000E+00  0.141E-03  0.473E-04  0.555E-01  0.234E-01  0.101E-01  0.423E-02  0.000E+00  0.778E+01  0.000E+00  0.000E+00  0.000E+00  0.000E+00  0.000E+00  0.000E+00  0.000E+00  0.000E+00  0.265E+02
 1985  177      0  0.223E+00  0.000E+00  0.179E-04  0.664E-05  0.552E-01  0.229E-01  0.994E-02  0.365E-02  0.000E+00  0.780E+01  0.000E+00  0.000E+00  0.000E+00  0.000E+00  0.000E+00  0.000E+00  0.000E+00  0.000E+00  0.263E+02
 1985  178      0  0.320E+00  0.186E+00  0.170E-03  0.387E-04  0.536E-01  0.209E-01  0.704E-02  0.357E-02  0.000E+00  0.816E+01  0.000E+00  0.000E+00  0.000E+00  0.000E+00  0.000E+00  0.000E+00  0.000E+00  0.000E+00  0.241E+02
 1985  179      0  0.214E+00  0.000E+00  0.158E-04  0.441E-05  0.519E-01  0.218E-01  0.846E-02  0.337E-02  0.000E+00  0.815E+01  0.000E+00  0.000E+00  0.000E+00  0.000E+00  0.000E+00  0.000E+00  0.000E+00  0.000E+00  0.242E+02
 1985  180      0  0.219E+00  0.000E+00  0.228E-05  0.159E-05  0.514E-01  0.215E-01  0.802E-02  0.287E-02  0.000E+00  0.826E+01  0.000E+00  0.000E+00  0.000E+00  0.000E+00  0.000E+00  0.000E+00  0.000E+00  0.000E+00  0.235E+02
 1985  181      0  0.162E+00  0.000E+00  0.000E+00  0.125E-05  0.521E-01  0.294E-01  0.105E-01  0.341E-02  0.000E+00  0.789E+01  0.000E+00  0.000E+00  0.000E+00  0.000E+00  0.000E+00  0.000E+00  0.000E+00  0.000E+00  0.257E+02
 1985  182      0  0.209E+00  0.000E+00  0.000E+00  0.117E-05  0.536E-01  0.246E-01  0.115E-01  0.323E-02  0.000E+00  0.772E+01  0.000E+00  0.000E+00  0.000E+00  0.000E+00  0.000E+00  0.000E+00  0.000E+00  0.000E+00  0.269E+02
 1985  183      0  0.367E+00  0.107E+02  0.686E-02  0.273E-02  0.584E-01  0.249E-01  0.961E-02  0.991E-02  0.000E+00  0.768E+01  0.000E+00  0.000E+00  0.000E+00  0.000E+00  0.000E+00  0.000E+00  0.000E+00  0.000E+00  0.271E+02
 1985  184      0  0.531E+00  0.161E+02  0.218E-01  0.792E-02  0.463E-01  0.224E-01  0.630E-02  0.152E-01  0.000E+00  0.817E+01  0.000E+00  0.000E+00  0.000E+00  0.000E+00  0.000E+00  0.000E+00  0.000E+00  0.000E+00  0.240E+02
 1985  185      0  0.353E+00  0.697E+00  0.197E-02  0.647E-03  0.492E-01  0.263E-01  0.874E-02  0.575E-02  0.000E+00  0.793E+01  0.000E+00  0.000E+00  0.000E+00  0.000E+00  0.000E+00  0.000E+00  0.000E+00  0.000E+00  0.255E+02
 1985  186      0  0.231E+00  0.277E-01  0.160E-03  0.522E-04  0.471E-01  0.243E-01  0.101E-01  0.435E-02  0.000E+00  0.783E+01  0.000E+00  0.000E+00  0.000E+00  0.000E+00  0.000E+00  0.000E+00  0.000E+00  0.000E+00  0.262E+02
 1985  187      0  0.163E+00  0.000E+00  0.176E-04  0.663E-05  0.492E-01  0.277E-01  0.125E-01  0.460E-02  0.000E+00  0.754E+01  0.000E+00  0.000E+00  0.000E+00  0.000E+00  0.000E+00  0.000E+00  0.000E+00  0.000E+00  0.280E+02
 1985  188      0  0.187E+00  0.000E+00  0.253E-05  0.180E-05  0.483E-01  0.251E-01  0.114E-01  0.373E-02  0.000E+00  0.770E+01  0.000E+00  0.000E+00  0.000E+00  0.000E+00  0.000E+00  0.000E+00  0.000E+00  0.000E+00  0.269E+02
 1985  189      0  0.190E+00  0.000E+00  0.000E+00  0.123E-05  0.472E-01  0.253E-01  0.116E-01  0.348E-02  0.000E+00  0.770E+01  0.000E+00  0.000E+00  0.000E+00  0.000E+00  0.000E+00  0.000E+00  0.000E+00  0.000E+00  0.270E+02
 1985  190      0  0.103E+00  0.000E+00  0.000E+00  0.111E-05  0.480E-01  0.295E-01  0.134E-01  0.445E-02  0.000E+00  0.761E+01  0.000E+00  0.000E+00  0.000E+00  0.000E+00  0.000E+00  0.000E+00  0.000E+00  0.000E+00  0.275E+02
 1985  191      0  0.141E+00  0.000E+00  0.000E+00  0.108E-05  0.504E-01  0.361E-01  0.166E-01  0.471E-02  0.000E+00  0.724E+01  0.000E+00  0.000E+00  0.000E+00  0.000E+00  0.000E+00  0.000E+00  0.000E+00  0.000E+00  0.299E+02
 1985  192      0  0.271E+00  0.599E-01  0.000E+00  0.112E-05  0.473E-01  0.263E-01  0.132E-01  0.339E-02  0.000E+00  0.735E+01  0.000E+00  0.000E+00  0.000E+00  0.000E+00  0.000E+00  0.000E+00  0.000E+00  0.000E+00  0.293E+02
 1985  193      0  0.168E+00  0.000E+00  0.000E+00  0.116E-05  0.463E-01  0.282E-01  0.131E-01  0.392E-02  0.000E+00  0.752E+01  0.000E+00  0.000E+00  0.000E+00  0.000E+00  0.000E+00  0.000E+00  0.000E+00  0.000E+00  0.281E+02
 1985  194      0  0.175E+00  0.000E+00  0.000E+00  0.115E-05  0.462E-01  0.287E-01  0.138E-01  0.402E-02  0.000E+00  0.744E+01  0.000E+00  0.000E+00  0.000E+00  0.000E+00  0.000E+00  0.000E+00  0.000E+00  0.000E+00  0.287E+02
 1985  195      0  0.199E+00  0.000E+00  0.000E+00  0.118E-05  0.452E-01  0.261E-01  0.131E-01  0.361E-02  0.000E+00  0.756E+01  0.000E+00  0.000E+00  0.000E+00  0.000E+00  0.000E+00  0.000E+00  0.000E+00  0.000E+00  0.279E+02
 1985  196      0  0.279E+00  0.358E-01  0.000E+00  0.126E-05  0.448E-01  0.255E-01  0.124E-01  0.308E-02  0.000E+00  0.755E+01  0.000E+00  0.000E+00  0.000E+00  0.000E+00  0.000E+00  0.000E+00  0.000E+00  0.000E+00  0.279E+02
 1985  197      0  0.259E+00  0.322E-01  0.000E+00  0.115E-05  0.462E-01  0.260E-01  0.141E-01  0.363E-02  0.000E+00  0.733E+01  0.000E+00  0.000E+00  0.000E+00  0.000E+00  0.000E+00  0.000E+00  0.000E+00  0.000E+00  0.294E+02
 1985  198      0  0.162E+00  0.000E+00  0.000E+00  0.129E-05  0.396E-01  0.335E-01  0.128E-01  0.380E-02  0.000E+00  0.767E+01  0.000E+00  0.000E+00  0.000E+00  0.000E+00  0.000E+00  0.000E+00  0.000E+00  0.000E+00  0.271E+02
 1985  199      0  0.284E+00  0.119E-01  0.000E+00  0.128E-05  0.416E-01  0.262E-01  0.122E-01  0.313E-02  0.000E+00  0.753E+01  0.000E+00  0.000E+00  0.000E+00  0.000E+00  0.000E+00  0.000E+00  0.000E+00  0.000E+00  0.280E+02
 1985  200      0  0.289E+00  0.116E-01  0.000E+00  0.134E-05  0.407E-01  0.257E-01  0.117E-01  0.302E-02  0.000E+00  0.759E+01  0.000E+00  0.000E+00  0.000E+00  0.000E+00  0.000E+00  0.000E+00  0.000E+00  0.000E+00  0.277E+02
 1985  201      0  0.362E+00  0.164E+02  0.102E-01  0.407E-02  0.686E-01  0.265E-01  0.974E-02  0.124E-01  0.000E+00  0.787E+01  0.000E+00  0.000E+00  0.000E+00  0.000E+00  0.000E+00  0.000E+00  0.000E+00  0.000E+00  0.259E+02
 1985  202      0  0.255E+00  0.199E+00  0.719E-03  0.257E-03  0.602E-01  0.258E-01  0.125E-01  0.613E-02  0.000E+00  0.760E+01  0.000E+00  0.000E+00  0.000E+00  0.000E+00  0.000E+00  0.000E+00  0.000E+00  0.000E+00  0.276E+02
 1985  203      0  0.290E+00  0.639E-01  0.951E-04  0.293E-04  0.587E-01  0.262E-01  0.130E-01  0.508E-02  0.000E+00  0.744E+01  0.000E+00  0.000E+00  0.000E+00  0.000E+00  0.000E+00  0.000E+00  0.000E+00  0.000E+00  0.287E+02
 1985  204      0  0.298E+00  0.495E-01  0.278E-04  0.713E-05  0.584E-01  0.266E-01  0.124E-01  0.497E-02  0.000E+00  0.755E+01  0.000E+00  0.000E+00  0.000E+00  0.000E+00  0.000E+00  0.000E+00  0.000E+00  0.000E+00  0.279E+02
 1985  205      0  0.156E+00  0.000E+00  0.336E-05  0.182E-05  0.526E-01  0.352E-01  0.148E-01  0.533E-02  0.000E+00  0.747E+01  0.000E+00  0.000E+00  0.000E+00  0.000E+00  0.000E+00  0.000E+00  0.000E+00  0.000E+00  0.284E+02
 1985  206      0  0.112E+00  0.000E+00  0.000E+00  0.116E-05  0.521E-01  0.330E-01  0.163E-01  0.554E-02  0.000E+00  0.735E+01  0.000E+00  0.000E+00  0.000E+00  0.000E+00  0.000E+00  0.000E+00  0.000E+00  0.000E+00  0.292E+02
 1985  207      0  0.133E+00  0.000E+00  0.000E+00  0.111E-05  0.530E-01  0.316E-01  0.173E-01  0.529E-02  0.000E+00  0.725E+01  0.000E+00  0.000E+00  0.000E+00  0.000E+00  0.000E+00  0.000E+00  0.000E+00  0.000E+00  0.299E+02
 1985  208      0  0.143E+00  0.000E+00  0.000E+00  0.108E-05  0.538E-01  0.323E-01  0.189E-01  0.550E-02  0.000E+00  0.707E+01  0.000E+00  0.000E+00  0.000E+00  0.000E+00  0.000E+00  0.000E+00  0.000E+00  0.000E+00  0.311E+02
 1985  209      0  0.111E+00  0.000E+00  0.000E+00  0.000E+00  0.544E-01  0.330E-01  0.194E-01  0.614E-02  0.000E+00  0.702E+01  0.000E+00  0.000E+00  0.000E+00  0.000E+00  0.000E+00  0.000E+00  0.000E+00  0.000E+00  0.315E+02
 1985  210      0  0.974E-01  0.000E+00  0.000E+00  0.000E+00  0.526E-01  0.317E-01  0.175E-01  0.572E-02  0.000E+00  0.724E+01  0.000E+00  0.000E+00  0.000E+00  0.000E+00  0.000E+00  0.000E+00  0.000E+00  0.000E+00  0.299E+02
 1985  211      0  0.464E-01  0.000E+00  0.000E+00  0.000E+00  0.422E-01  0.323E-01  0.140E-01  0.591E-02  0.000E+00  0.734E+01  0.000E+00  0.000E+00  0.000E+00  0.000E+00  0.000E+00  0.000E+00  0.000E+00  0.000E+00  0.293E+02
 1985  212      0  0.125E+00  0.000E+00  0.000E+00  0.111E-05  0.480E-01  0.370E-01  0.175E-01  0.521E-02  0.000E+00  0.731E+01  0.000E+00  0.000E+00  0.000E+00  0.000E+00  0.000E+00  0.000E+00  0.000E+00  0.000E+00  0.294E+02
 1985  213      0  0.112E+00  0.000E+00  0.000E+00  0.107E-05  0.467E-01  0.341E-01  0.180E-01  0.565E-02  0.000E+00  0.720E+01  0.000E+00  0.000E+00  0.000E+00  0.000E+00  0.000E+00  0.000E+00  0.000E+00  0.000E+00  0.302E+02
 1985  214      0  0.116E+00  0.000E+00  0.000E+00  0.106E-05  0.499E-01  0.315E-01  0.184E-01  0.565E-02  0.000E+00  0.719E+01  0.000E+00  0.000E+00  0.000E+00  0.000E+00  0.000E+00  0.000E+00  0.000E+00  0.000E+00  0.303E+02
 1985  215      0  0.255E+00  0.107E-01  0.000E+00  0.122E-05  0.451E-01  0.278E-01  0.164E-01  0.398E-02  0.000E+00  0.725E+01  0.000E+00  0.000E+00  0.000E+00  0.000E+00  0.000E+00  0.000E+00  0.000E+00  0.000E+00  0.299E+02
 1985  216      0  0.134E+00  0.000E+00  0.000E+00  0.115E-05  0.433E-01  0.299E-01  0.164E-01  0.513E-02  0.000E+00  0.728E+01  0.000E+00  0.000E+00  0.000E+00  0.000E+00  0.000E+00  0.000E+00  0.000E+00  0.000E+00  0.297E+02
 1985  217      0  0.176E-01  0.000E+00  0.000E+00  0.128E-05  0.115E-01  0.103E-03  0.000E+00  0.000E+00  0.000E+00  0.854E-02  0.000E+00  0.000E+00  0.000E+00  0.000E+00  0.000E+00  0.000E+00  0.000E+00  0.000E+00  0.295E+02
 1985  218      0  0.123E+00  0.000E+00  0.000E+00  0.105E-05  0.518E-01  0.321E-01  0.199E-01  0.593E-02  0.000E+00  0.710E+01  0.000E+00  0.000E+00  0.000E+00  0.000E+00  0.000E+00  0.000E+00  0.000E+00  0.000E+00  0.309E+02
 1985  219      0  0.210E+00  0.567E-01  0.000E+00  0.000E+00  0.353E-01  0.298E-01  0.149E-01  0.365E-02  0.000E+00  0.711E+01  0.000E+00  0.000E+00  0.000E+00  0.000E+00  0.000E+00  0.000E+00  0.000E+00  0.000E+00  0.309E+02
 1985  220      0  0.212E-01  0.000E+00  0.000E+00  0.000E+00  0.430E-01  0.591E-01  0.209E-01  0.805E-02  0.000E+00  0.720E+01  0.000E+00  0.000E+00  0.000E+00  0.000E+00  0.000E+00  0.000E+00  0.000E+00  0.000E+00  0.301E+02
 1985  221      0  0.191E+00  0.791E-02  0.000E+00  0.113E-05  0.284E-01  0.306E-01  0.134E-01  0.346E-02  0.000E+00  0.734E+01  0.000E+00  0.000E+00  0.000E+00  0.000E+00  0.000E+00  0.000E+00  0.000E+00  0.000E+00  0.293E+02
 1985  222      0  0.417E-01  0.000E+00  0.000E+00  0.116E-05  0.507E-01  0.577E-01  0.223E-01  0.871E-02  0.000E+00  0.728E+01  0.000E+00  0.000E+00  0.000E+00  0.000E+00  0.000E+00  0.000E+00  0.000E+00  0.000E+00  0.294E+02
 1985  223      0  0.108E+00  0.428E-02  0.000E+00  0.000E+00  0.306E-01  0.304E-01  0.135E-01  0.427E-02  0.000E+00  0.734E+01  0.000E+00  0.000E+00  0.000E+00  0.000E+00  0.000E+00  0.000E+00  0.000E+00  0.000E+00  0.293E+02
 1985  224      0  0.106E-01  0.000E+00  0.000E+00  0.120E-05  0.139E-01  0.566E-01  0.150E-02  0.138E-02  0.000E+00  0.538E+00  0.000E+00  0.000E+00  0.000E+00  0.000E+00  0.000E+00  0.000E+00  0.000E+00  0.000E+00  0.292E+02
 1985  225      0  0.307E+00  0.000E+00  0.000E+00  0.116E-05  0.265E-01  0.256E-01  0.117E-01  0.301E-02  0.000E+00  0.744E+01  0.000E+00  0.000E+00  0.000E+00  0.000E+00  0.000E+00  0.000E+00  0.000E+00  0.000E+00  0.287E+02
 1985  226      0  0.125E+00  0.130E+00  0.160E-03  0.272E-04  0.758E-01  0.385E-01  0.184E-01  0.752E-02  0.000E+00  0.752E+01  0.000E+00  0.000E+00  0.000E+00  0.000E+00  0.000E+00  0.000E+00  0.000E+00  0.000E+00  0.280E+02
 1985  227      0  0.372E+00  0.127E+02  0.146E-01  0.419E-02  0.273E+00  0.278E-01  0.106E-01  0.112E-01  0.000E+00  0.776E+01  0.000E+00  0.000E+00  0.000E+00  0.000E+00  0.000E+00  0.000E+00  0.000E+00  0.000E+00  0.265E+02
 1985  228      0  0.197E+00  0.956E+00  0.164E-01  0.420E-02  0.237E+00  0.380E-01  0.200E-01  0.185E-01  0.000E+00  0.754E+01  0.000E+00  0.000E+00  0.000E+00  0.000E+00  0.000E+00  0.000E+00  0.000E+00  0.000E+00  0.279E+02
 1985  229      0  0.343E+00  0.430E+00  0.153E-02  0.360E-03  0.931E-01  0.297E-01  0.143E-01  0.672E-02  0.000E+00  0.723E+01  0.000E+00  0.000E+00  0.000E+00  0.000E+00  0.000E+00  0.000E+00  0.000E+00  0.000E+00  0.301E+02
 1985  230      0  0.434E-01  0.192E-02  0.809E-04  0.212E-04  0.105E+00  0.531E-01  0.212E-01  0.104E-01  0.000E+00  0.721E+01  0.000E+00  0.000E+00  0.000E+00  0.000E+00  0.000E+00  0.000E+00  0.000E+00  0.000E+00  0.299E+02
 1985  231      0  0.128E+00  0.674E-01  0.129E-04  0.417E-05  0.644E-01  0.310E-01  0.168E-01  0.560E-02  0.000E+00  0.700E+01  0.000E+00  0.000E+00  0.000E+00  0.000E+00  0.000E+00  0.000E+00  0.000E+00  0.000E+00  0.317E+02
 1985  232      0  0.657E-01  0.000E+00  0.000E+00  0.118E-05  0.984E-01  0.445E-01  0.229E-01  0.904E-02  0.000E+00  0.709E+01  0.000E+00  0.000E+00  0.000E+00  0.000E+00  0.000E+00  0.000E+00  0.000E+00  0.000E+00  0.309E+02
 1985  233      0  0.311E+00  0.756E-02  0.000E+00  0.112E-05  0.644E-01  0.271E-01  0.140E-01  0.344E-02  0.000E+00  0.718E+01  0.000E+00  0.000E+00  0.000E+00  0.000E+00  0.000E+00  0.000E+00  0.000E+00  0.000E+00  0.304E+02
 1985  234      0  0.701E-02  0.000E+00  0.000E+00  0.111E-05  0.137E-01  0.653E-01  0.189E-04  0.849E-05  0.000E+00  0.804E-02  0.000E+00  0.000E+00  0.000E+00  0.000E+00  0.000E+00  0.000E+00  0.000E+00  0.000E+00  0.299E+02
 1985  235      0  0.948E-01  0.000E+00  0.000E+00  0.000E+00  0.407E-01  0.301E-01  0.140E-01  0.403E-02  0.000E+00  0.728E+01  0.000E+00  0.000E+00  0.000E+00  0.000E+00  0.000E+00  0.000E+00  0.000E+00  0.000E+00  0.297E+02
 1985  236      0  0.277E-01  0.000E+00  0.000E+00  0.107E-05  0.643E-01  0.626E-01  0.258E-01  0.976E-02  0.000E+00  0.716E+01  0.000E+00  0.000E+00  0.000E+00  0.000E+00  0.000E+00  0.000E+00  0.000E+00  0.000E+00  0.302E+02
 1985  237      0  0.321E+00  0.127E-02  0.000E+00  0.120E-05  0.484E-01  0.261E-01  0.119E-01  0.283E-02  0.000E+00  0.748E+01  0.000E+00  0.000E+00  0.000E+00  0.000E+00  0.000E+00  0.000E+00  0.000E+00  0.000E+00  0.284E+02
 1985  238      0  0.154E-01  0.000E+00  0.000E+00  0.000E+00  0.418E-01  0.577E-01  0.168E-01  0.691E-02  0.000E+00  0.738E+01  0.000E+00  0.000E+00  0.000E+00  0.000E+00  0.000E+00  0.000E+00  0.000E+00  0.000E+00  0.288E+02
 1985  239      0  0.133E+00  0.458E-03  0.000E+00  0.108E-05  0.382E-01  0.298E-01  0.134E-01  0.403E-02  0.000E+00  0.749E+01  0.000E+00  0.000E+00  0.000E+00  0.000E+00  0.000E+00  0.000E+00  0.000E+00  0.000E+00  0.283E+02
 1985  240      0  0.678E-01  0.000E+00  0.000E+00  0.119E-05  0.627E-01  0.411E-01  0.182E-01  0.676E-02  0.000E+00  0.774E+01  0.000E+00  0.000E+00  0.000E+00  0.000E+00  0.000E+00  0.000E+00  0.000E+00  0.000E+00  0.266E+02
 1985  241      0  0.214E+00  0.788E-04  0.000E+00  0.112E-05  0.406E-01  0.256E-01  0.123E-01  0.338E-02  0.000E+00  0.759E+01  0.000E+00  0.000E+00  0.000E+00  0.000E+00  0.000E+00  0.000E+00  0.000E+00  0.000E+00  0.277E+02
 1985  242      0  0.558E-02  0.000E+00  0.000E+00  0.117E-05  0.111E-01  0.620E-01  0.171E-04  0.860E-05  0.000E+00  0.790E-02  0.000E+00  0.000E+00  0.000E+00  0.000E+00  0.000E+00  0.000E+00  0.000E+00  0.000E+00  0.284E+02
 1985  243      0  0.160E+00  0.000E+00  0.000E+00  0.108E-05  0.344E-01  0.308E-01  0.151E-01  0.423E-02  0.000E+00  0.726E+01  0.000E+00  0.000E+00  0.000E+00  0.000E+00  0.000E+00  0.000E+00  0.000E+00  0.000E+00  0.299E+02
 1985  244      0  0.736E-02  0.000E+00  0.000E+00  0.103E-05  0.105E-01  0.711E-01  0.224E-04  0.882E-05  0.000E+00  0.805E-02  0.000E+00  0.000E+00  0.000E+00  0.000E+00  0.000E+00  0.000E+00  0.000E+00  0.000E+00  0.308E+02
 1985  245      0  0.166E+00  0.000E+00  0.000E+00  0.109E-05  0.316E-01  0.313E-01  0.146E-01  0.417E-02  0.000E+00  0.728E+01  0.000E+00  0.000E+00  0.000E+00  0.000E+00  0.000E+00  0.000E+00  0.000E+00  0.000E+00  0.297E+02
 1985  246      0  0.366E-01  0.000E+00  0.000E+00  0.123E-05  0.539E-01  0.620E-01  0.255E-01  0.951E-02  0.000E+00  0.731E+01  0.000E+00  0.000E+00  0.000E+00  0.000E+00  0.000E+00  0.000E+00  0.000E+00  0.000E+00  0.292E+02
 1985  247      0  0.191E+00  0.000E+00  0.000E+00  0.117E-05  0.330E-01  0.318E-01  0.142E-01  0.384E-02  0.000E+00  0.737E+01  0.000E+00  0.000E+00  0.000E+00  0.000E+00  0.000E+00  0.000E+00  0.000E+00  0.000E+00  0.291E+02
 1985  248      0  0.172E+00  0.512E+02  0.584E-01  0.135E-01  0.216E+01  0.561E-01  0.255E-01  0.328E-01  0.000E+00  0.752E+01  0.000E+00  0.000E+00  0.000E+00  0.000E+00  0.000E+00  0.000E+00  0.000E+00  0.000E+00  0.278E+02
 1985  249      0  0.315E+00  0.425E+01  0.456E-02  0.967E-03  0.315E+00  0.291E-01  0.135E-01  0.817E-02  0.000E+00  0.737E+01  0.000E+00  0.000E+00  0.000E+00  0.000E+00  0.000E+00  0.000E+00  0.000E+00  0.000E+00  0.291E+02
 1985  250      0  0.914E-01  0.820E-02  0.291E-03  0.560E-04  0.152E+00  0.422E-01  0.211E-01  0.988E-02  0.000E+00  0.731E+01  0.000E+00  0.000E+00  0.000E+00  0.000E+00  0.000E+00  0.000E+00  0.000E+00  0.000E+00  0.293E+02
 1985  251      0  0.206E+00  0.670E+00  0.400E-04  0.951E-05  0.804E-01  0.279E-01  0.133E-01  0.455E-02  0.000E+00  0.741E+01  0.000E+00  0.000E+00  0.000E+00  0.000E+00  0.000E+00  0.000E+00  0.000E+00  0.000E+00  0.288E+02
 1985  252      0  0.233E-01  0.644E-03  0.507E-05  0.220E-05  0.761E-01  0.610E-01  0.239E-01  0.919E-02  0.000E+00  0.741E+01  0.000E+00  0.000E+00  0.000E+00  0.000E+00  0.000E+00  0.000E+00  0.000E+00  0.000E+00  0.286E+02
 1985  253      0  0.300E+00  0.110E+00  0.000E+00  0.135E-05  0.686E-01  0.267E-01  0.118E-01  0.305E-02  0.000E+00  0.757E+01  0.000E+00  0.000E+00  0.000E+00  0.000E+00  0.000E+00  0.000E+00  0.000E+00  0.000E+00  0.278E+02
 1985  254      0  0.202E+00  0.333E+02  0.385E-01  0.962E-02  0.866E+00  0.432E-01  0.190E-01  0.252E-01  0.000E+00  0.806E+01  0.000E+00  0.000E+00  0.000E+00  0.000E+00  0.000E+00  0.000E+00  0.000E+00  0.000E+00  0.246E+02
 1985  255      0  0.490E+00  0.499E+02  0.124E+00  0.310E-01  0.245E+00  0.488E-01  0.155E-01  0.361E-01  0.000E+00  0.805E+01  0.000E+00  0.000E+00  0.000E+00  0.000E+00  0.000E+00  0.000E+00  0.000E+00  0.000E+00  0.246E+02
 1985  256      0  0.221E+00  0.434E+00  0.122E-01  0.267E-02  0.154E+00  0.362E-01  0.158E-01  0.119E-01  0.000E+00  0.793E+01  0.000E+00  0.000E+00  0.000E+00  0.000E+00  0.000E+00  0.000E+00  0.000E+00  0.000E+00  0.254E+02
 1985  257      0  0.414E+00  0.222E+02  0.381E-01  0.951E-02  0.118E+00  0.331E-01  0.112E-01  0.165E-01  0.000E+00  0.803E+01  0.000E+00  0.000E+00  0.000E+00  0.000E+00  0.000E+00  0.000E+00  0.000E+00  0.000E+00  0.248E+02
 1985  258      0  0.230E+00  0.870E+00  0.437E-02  0.965E-03  0.122E+00  0.314E-01  0.118E-01  0.774E-02  0.000E+00  0.823E+01  0.000E+00  0.000E+00  0.000E+00  0.000E+00  0.000E+00  0.000E+00  0.000E+00  0.000E+00  0.236E+02
 1985  259      0  0.250E+00  0.101E+01  0.639E-03  0.129E-03  0.625E-01  0.250E-01  0.878E-02  0.413E-02  0.000E+00  0.808E+01  0.000E+00  0.000E+00  0.000E+00  0.000E+00  0.000E+00  0.000E+00  0.000E+00  0.000E+00  0.246E+02
 1985  260      0  0.662E-01  0.308E-03  0.256E-04  0.691E-05  0.932E-01  0.398E-01  0.169E-01  0.673E-02  0.000E+00  0.790E+01  0.000E+00  0.000E+00  0.000E+00  0.000E+00  0.000E+00  0.000E+00  0.000E+00  0.000E+00  0.255E+02
 1985  261      0  0.272E+00  0.950E-01  0.410E-05  0.205E-05  0.599E-01  0.240E-01  0.987E-02  0.280E-02  0.000E+00  0.776E+01  0.000E+00  0.000E+00  0.000E+00  0.000E+00  0.000E+00  0.000E+00  0.000E+00  0.000E+00  0.266E+02
 1985  262      0  0.110E+00  0.000E+00  0.000E+00  0.146E-05  0.930E-01  0.371E-01  0.163E-01  0.522E-02  0.000E+00  0.785E+01  0.000E+00  0.000E+00  0.000E+00  0.000E+00  0.000E+00  0.000E+00  0.000E+00  0.000E+00  0.259E+02
 1985  263      0  0.268E+00  0.200E-01  0.000E+00  0.127E-05  0.529E-01  0.236E-01  0.869E-02  0.225E-02  0.000E+00  0.795E+01  0.000E+00  0.000E+00  0.000E+00  0.000E+00  0.000E+00  0.000E+00  0.000E+00  0.000E+00  0.254E+02
 1985  264      0  0.848E-01  0.000E+00  0.000E+00  0.133E-05  0.797E-01  0.385E-01  0.158E-01  0.550E-02  0.000E+00  0.798E+01  0.000E+00  0.000E+00  0.000E+00  0.000E+00  0.000E+00  0.000E+00  0.000E+00  0.000E+00  0.251E+02
 1985  265      0  0.223E+00  0.489E-02  0.000E+00  0.116E-05  0.525E-01  0.255E-01  0.118E-01  0.280E-02  0.000E+00  0.770E+01  0.000E+00  0.000E+00  0.000E+00  0.000E+00  0.000E+00  0.000E+00  0.000E+00  0.000E+00  0.270E+02
 1985  266      0  0.793E-01  0.000E+00  0.000E+00  0.141E-05  0.711E-01  0.385E-01  0.151E-01  0.528E-02  0.000E+00  0.818E+01  0.000E+00  0.000E+00  0.000E+00  0.000E+00  0.000E+00  0.000E+00  0.000E+00  0.000E+00  0.239E+02
 1985  267      0  0.234E+00  0.109E-02  0.000E+00  0.137E-05  0.427E-01  0.224E-01  0.731E-02  0.223E-02  0.000E+00  0.844E+01  0.000E+00  0.000E+00  0.000E+00  0.000E+00  0.000E+00  0.000E+00  0.000E+00  0.000E+00  0.225E+02
 1985  268      0  0.153E+00  0.536E-01  0.954E-04  0.180E-04  0.100E+00  0.371E-01  0.150E-01  0.598E-02  0.000E+00  0.788E+01  0.000E+00  0.000E+00  0.000E+00  0.000E+00  0.000E+00  0.000E+00  0.000E+00  0.000E+00  0.257E+02
 1985  269      0  0.238E+00  0.850E-02  0.854E-05  0.282E-05  0.415E-01  0.226E-01  0.659E-02  0.237E-02  0.000E+00  0.869E+01  0.000E+00  0.000E+00  0.000E+00  0.000E+00  0.000E+00  0.000E+00  0.000E+00  0.000E+00  0.211E+02
 1985  270      0  0.460E-01  0.000E+00  0.000E+00  0.174E-05  0.515E-01  0.455E-01  0.130E-01  0.549E-02  0.000E+00  0.860E+01  0.000E+00  0.000E+00  0.000E+00  0.000E+00  0.000E+00  0.000E+00  0.000E+00  0.000E+00  0.215E+02
 1985  271      0  0.434E+00  0.620E+02  0.126E+00  0.306E-01  0.916E+00  0.487E-01  0.142E-01  0.331E-01  0.000E+00  0.833E+01  0.000E+00  0.000E+00  0.000E+00  0.000E+00  0.000E+00  0.000E+00  0.000E+00  0.000E+00  0.230E+02
 1985  272      0  0.465E+00  0.976E+02  0.363E+00  0.917E-01  0.354E+00  0.902E-01  0.174E-01  0.679E-01  0.000E+00  0.915E+01  0.000E+00  0.000E+00  0.000E+00  0.000E+00  0.000E+00  0.000E+00  0.000E+00  0.000E+00  0.183E+02
 1985  273      0  0.344E+00  0.109E+01  0.314E-01  0.817E-02  0.205E+00  0.231E-01  0.339E-02  0.103E-01  0.000E+00  0.101E+02  0.000E+00  0.000E+00  0.000E+00  0.000E+00  0.000E+00  0.000E+00  0.000E+00  0.000E+00  0.141E+02
 1985  274      0  0.237E+00  0.151E-01  0.379E-02  0.886E-03  0.166E+00  0.178E-01  0.356E-02  0.391E-02  0.000E+00  0.977E+01  0.000E+00  0.000E+00  0.000E+00  0.000E+00  0.000E+00  0.000E+00  0.000E+00  0.000E+00  0.157E+02
 1985  275      0  0.270E+00  0.992E-03  0.582E-03  0.120E-03  0.162E+00  0.175E-01  0.403E-02  0.279E-02  0.000E+00  0.933E+01  0.000E+00  0.000E+00  0.000E+00  0.000E+00  0.000E+00  0.000E+00  0.000E+00  0.000E+00  0.178E+02
 1985  276      0  0.241E+00  0.111E-03  0.992E-04  0.180E-04  0.150E+00  0.195E-01  0.596E-02  0.292E-02  0.000E+00  0.874E+01  0.000E+00  0.000E+00  0.000E+00  0.000E+00  0.000E+00  0.000E+00  0.000E+00  0.000E+00  0.208E+02
 1985  277      0  0.232E+00  0.000E+00  0.171E-04  0.383E-05  0.144E+00  0.201E-01  0.652E-02  0.278E-02  0.000E+00  0.867E+01  0.000E+00  0.000E+00  0.000E+00  0.000E+00  0.000E+00  0.000E+00  0.000E+00  0.000E+00  0.212E+02
 1985  278      0  0.259E+00  0.000E+00  0.384E-05  0.207E-05  0.139E+00  0.174E-01  0.449E-02  0.215E-02  0.000E+00  0.921E+01  0.000E+00  0.000E+00  0.000E+00  0.000E+00  0.000E+00  0.000E+00  0.000E+00  0.000E+00  0.183E+02
 1985  279      0  0.207E+00  0.000E+00  0.000E+00  0.167E-05  0.131E+00  0.188E-01  0.556E-02  0.238E-02  0.000E+00  0.908E+01  0.000E+00  0.000E+00  0.000E+00  0.000E+00  0.000E+00  0.000E+00  0.000E+00  0.000E+00  0.190E+02
 1985  280      0  0.205E+00  0.000E+00  0.000E+00  0.155E-05  0.125E+00  0.209E-01  0.732E-02  0.254E-02  0.000E+00  0.865E+01  0.000E+00  0.000E+00  0.000E+00  0.000E+00  0.000E+00  0.000E+00  0.000E+00  0.000E+00  0.213E+02
 1985  281      0  0.298E+00  0.122E+01  0.304E-02  0.606E-03  0.211E+00  0.226E-01  0.712E-02  0.415E-02  0.000E+00  0.853E+01  0.000E+00  0.000E+00  0.000E+00  0.000E+00  0.000E+00  0.000E+00  0.000E+00  0.000E+00  0.220E+02
 1985  282      0  0.294E+00  0.239E+00  0.286E-03  0.544E-04  0.144E+00  0.225E-01  0.771E-02  0.349E-02  0.000E+00  0.839E+01  0.000E+00  0.000E+00  0.000E+00  0.000E+00  0.000E+00  0.000E+00  0.000E+00  0.000E+00  0.227E+02
 1985  283      0  0.294E+00  0.180E+00  0.670E-04  0.112E-04  0.131E+00  0.245E-01  0.772E-02  0.327E-02  0.000E+00  0.833E+01  0.000E+00  0.000E+00  0.000E+00  0.000E+00  0.000E+00  0.000E+00  0.000E+00  0.000E+00  0.231E+02
 1985  284      0  0.300E+00  0.168E+01  0.427E-02  0.832E-03  0.178E+00  0.251E-01  0.873E-02  0.510E-02  0.000E+00  0.814E+01  0.000E+00  0.000E+00  0.000E+00  0.000E+00  0.000E+00  0.000E+00  0.000E+00  0.000E+00  0.242E+02
 1985  285      0  0.185E+00  0.214E-02  0.233E-03  0.467E-04  0.130E+00  0.265E-01  0.104E-01  0.454E-02  0.000E+00  0.801E+01  0.000E+00  0.000E+00  0.000E+00  0.000E+00  0.000E+00  0.000E+00  0.000E+00  0.000E+00  0.250E+02
 1985  286      0  0.202E+00  0.213E-03  0.289E-04  0.598E-05  0.127E+00  0.240E-01  0.114E-01  0.410E-02  0.000E+00  0.790E+01  0.000E+00  0.000E+00  0.000E+00  0.000E+00  0.000E+00  0.000E+00  0.000E+00  0.000E+00  0.257E+02
 1985  287      0  0.364E+02  0.991E+03  0.363E+01  0.935E+00  0.122E+00  0.173E+00  0.112E-01  0.115E+00  0.000E+00  0.784E+01  0.000E+00  0.000E+00  0.000E+00  0.000E+00  0.000E+00  0.000E+00  0.000E+00  0.000E+00  0.250E+02
 1985  288      0  0.140E+02  0.537E-02  0.298E+01  0.742E+00  0.118E+00  0.171E+00  0.989E-02  0.990E-01  0.000E+00  0.886E+01  0.000E+00  0.000E+00  0.000E+00  0.000E+00  0.000E+00  0.000E+00  0.000E+00  0.000E+00  0.195E+02
 1985  289      0  0.586E+01  0.000E+00  0.797E+00  0.210E+00  0.102E+00  0.626E-01  0.420E-02  0.382E-01  0.000E+00  0.900E+01  0.000E+00  0.000E+00  0.000E+00  0.000E+00  0.000E+00  0.000E+00  0.000E+00  0.000E+00  0.192E+02
 1985  290      0  0.413E+01  0.133E+01  0.195E+00  0.510E-01  0.101E+00  0.230E-01  0.196E-02  0.121E-01  0.000E+00  0.866E+01  0.000E+00  0.000E+00  0.000E+00  0.000E+00  0.000E+00  0.000E+00  0.000E+00  0.000E+00  0.213E+02
 1985  291      0  0.381E+01  0.393E+01  0.536E-01  0.142E-01  0.103E+00  0.103E-01  0.121E-02  0.461E-02  0.000E+00  0.821E+01  0.000E+00  0.000E+00  0.000E+00  0.000E+00  0.000E+00  0.000E+00  0.000E+00  0.000E+00  0.239E+02
 1985  292      0  0.278E+02  0.436E+03  0.195E+01  0.468E+00  0.386E-01  0.892E-01  0.433E-02  0.573E-01  0.000E+00  0.884E+01  0.000E+00  0.000E+00  0.000E+00  0.000E+00  0.000E+00  0.000E+00  0.000E+00  0.000E+00  0.200E+02
 1985  293      0  0.775E+01  0.000E+00  0.553E+00  0.144E+00  0.712E-01  0.397E-01  0.263E-02  0.266E-01  0.000E+00  0.905E+01  0.000E+00  0.000E+00  0.000E+00  0.000E+00  0.000E+00  0.000E+00  0.000E+00  0.000E+00  0.191E+02
 1985  294      0  0.534E+01  0.000E+00  0.122E+00  0.320E-01  0.798E-01  0.128E-01  0.104E-02  0.747E-02  0.000E+00  0.882E+01  0.000E+00  0.000E+00  0.000E+00  0.000E+00  0.000E+00  0.000E+00  0.000E+00  0.000E+00  0.204E+02
 1985  295      0  0.337E+01  0.000E+00  0.314E-01  0.825E-02  0.105E+00  0.664E-02  0.703E-03  0.257E-02  0.000E+00  0.868E+01  0.000E+00  0.000E+00  0.000E+00  0.000E+00  0.000E+00  0.000E+00  0.000E+00  0.000E+00  0.212E+02
 1985  296      0  0.248E+01  0.000E+00  0.803E-02  0.208E-02  0.129E+00  0.581E-02  0.892E-03  0.119E-02  0.000E+00  0.838E+01  0.000E+00  0.000E+00  0.000E+00  0.000E+00  0.000E+00  0.000E+00  0.000E+00  0.000E+00  0.230E+02
 1985  297      0  0.177E+01  0.000E+00  0.230E-02  0.587E-03  0.163E+00  0.699E-02  0.124E-02  0.858E-03  0.000E+00  0.830E+01  0.000E+00  0.000E+00  0.000E+00  0.000E+00  0.000E+00  0.000E+00  0.000E+00  0.000E+00  0.234E+02
 1985  298      0  0.150E+01  0.153E+00  0.116E-02  0.281E-03  0.176E+00  0.718E-02  0.112E-02  0.780E-03  0.000E+00  0.869E+01  0.000E+00  0.000E+00  0.000E+00  0.000E+00  0.000E+00  0.000E+00  0.000E+00  0.000E+00  0.212E+02
 1985  299      0  0.121E+01  0.159E-02  0.203E-03  0.508E-04  0.196E+00  0.730E-02  0.110E-02  0.671E-03  0.000E+00  0.896E+01  0.000E+00  0.000E+00  0.000E+00  0.000E+00  0.000E+00  0.000E+00  0.000E+00  0.000E+00  0.197E+02
 1985  300      0  0.112E+01  0.110E-02  0.509E-04  0.126E-04  0.187E+00  0.761E-02  0.109E-02  0.630E-03  0.000E+00  0.907E+01  0.000E+00  0.000E+00  0.000E+00  0.000E+00  0.000E+00  0.000E+00  0.000E+00  0.000E+00  0.191E+02
 1985  301      0  0.992E+00  0.968E+01  0.252E-01  0.679E-02  0.239E+00  0.119E-01  0.170E-02  0.456E-02  0.000E+00  0.927E+01  0.000E+00  0.000E+00  0.000E+00  0.000E+00  0.000E+00  0.000E+00  0.000E+00  0.000E+00  0.181E+02
 1985  302      0  0.995E+00  0.155E+02  0.719E-01  0.192E-01  0.215E+00  0.177E-01  0.206E-02  0.983E-02  0.000E+00  0.978E+01  0.000E+00  0.000E+00  0.000E+00  0.000E+00  0.000E+00  0.000E+00  0.000E+00  0.000E+00  0.156E+02
 1985  303      0  0.852E+00  0.307E+00  0.605E-02  0.163E-02  0.201E+00  0.871E-02  0.968E-03  0.208E-02  0.000E+00  0.998E+01  0.000E+00  0.000E+00  0.000E+00  0.000E+00  0.000E+00  0.000E+00  0.000E+00  0.000E+00  0.148E+02
 1985  304      0  0.751E+00  0.124E+00  0.984E-03  0.235E-03  0.196E+00  0.853E-02  0.121E-02  0.126E-02  0.000E+00  0.965E+01  0.000E+00  0.000E+00  0.000E+00  0.000E+00  0.000E+00  0.000E+00  0.000E+00  0.000E+00  0.163E+02
 1985  305      0  0.825E+00  0.167E+02  0.469E-01  0.125E-01  0.199E+00  0.151E-01  0.183E-02  0.707E-02  0.000E+00  0.989E+01  0.000E+00  0.000E+00  0.000E+00  0.000E+00  0.000E+00  0.000E+00  0.000E+00  0.000E+00  0.152E+02
 1985  306      0  0.773E+00  0.450E+00  0.416E-02  0.111E-02  0.189E+00  0.927E-02  0.117E-02  0.198E-02  0.000E+00  0.101E+02  0.000E+00  0.000E+00  0.000E+00  0.000E+00  0.000E+00  0.000E+00  0.000E+00  0.000E+00  0.144E+02
 1985  307      0  0.761E+00  0.298E+00  0.932E-03  0.222E-03  0.161E+00  0.889E-02  0.109E-02  0.121E-02  0.000E+00  0.997E+01  0.000E+00  0.000E+00  0.000E+00  0.000E+00  0.000E+00  0.000E+00  0.000E+00  0.000E+00  0.148E+02
 1985  308      0  0.551E+00  0.229E-01  0.605E-04  0.152E-04  0.195E+00  0.102E-01  0.152E-02  0.945E-03  0.000E+00  0.980E+01  0.000E+00  0.000E+00  0.000E+00  0.000E+00  0.000E+00  0.000E+00  0.000E+00  0.000E+00  0.156E+02
 1985  309      0  0.694E+00  0.162E-01  0.130E-04  0.353E-05  0.156E+00  0.940E-02  0.147E-02  0.607E-03  0.000E+00  0.954E+01  0.000E+00  0.000E+00  0.000E+00  0.000E+00  0.000E+00  0.000E+00  0.000E+00  0.000E+00  0.168E+02
 1985  310      0  0.573E+00  0.491E-02  0.183E-05  0.143E-05  0.162E+00  0.112E-01  0.206E-02  0.732E-03  0.000E+00  0.915E+01  0.000E+00  0.000E+00  0.000E+00  0.000E+00  0.000E+00  0.000E+00  0.000E+00  0.000E+00  0.187E+02
 1985  311      0  0.584E+00  0.144E-02  0.000E+00  0.129E-05  0.162E+00  0.104E-01  0.143E-02  0.598E-03  0.000E+00  0.982E+01  0.000E+00  0.000E+00  0.000E+00  0.000E+00  0.000E+00  0.000E+00  0.000E+00  0.000E+00  0.155E+02
 1985  312      0  0.614E+00  0.544E-03  0.000E+00  0.132E-05  0.162E+00  0.108E-01  0.155E-02  0.598E-03  0.000E+00  0.974E+01  0.000E+00  0.000E+00  0.000E+00  0.000E+00  0.000E+00  0.000E+00  0.000E+00  0.000E+00  0.158E+02
 1985  313      0  0.472E+00  0.239E-03  0.000E+00  0.109E-05  0.156E+00  0.154E-01  0.362E-02  0.981E-03  0.000E+00  0.861E+01  0.000E+00  0.000E+00  0.000E+00  0.000E+00  0.000E+00  0.000E+00  0.000E+00  0.000E+00  0.215E+02
 1985  314      0  0.602E+00  0.113E+02  0.354E-01  0.773E-02  0.223E+00  0.235E-01  0.521E-02  0.656E-02  0.000E+00  0.853E+01  0.000E+00  0.000E+00  0.000E+00  0.000E+00  0.000E+00  0.000E+00  0.000E+00  0.000E+00  0.220E+02
 1985  315      0  0.869E+00  0.270E+03  0.859E+00  0.217E+00  0.247E+00  0.133E+00  0.147E-01  0.767E-01  0.000E+00  0.937E+01  0.000E+00  0.000E+00  0.000E+00  0.000E+00  0.000E+00  0.000E+00  0.000E+00  0.000E+00  0.172E+02
 1985  316      0  0.640E+00  0.149E+01  0.105E+00  0.245E-01  0.177E+00  0.414E-01  0.765E-02  0.149E-01  0.000E+00  0.854E+01  0.000E+00  0.000E+00  0.000E+00  0.000E+00  0.000E+00  0.000E+00  0.000E+00  0.000E+00  0.218E+02
 1985  317      0  0.605E+00  0.558E+00  0.240E-01  0.500E-02  0.163E+00  0.279E-01  0.566E-02  0.680E-02  0.000E+00  0.830E+01  0.000E+00  0.000E+00  0.000E+00  0.000E+00  0.000E+00  0.000E+00  0.000E+00  0.000E+00  0.233E+02
 1985  318      0  0.587E+00  0.190E+00  0.602E-02  0.115E-02  0.156E+00  0.204E-01  0.395E-02  0.353E-02  0.000E+00  0.865E+01  0.000E+00  0.000E+00  0.000E+00  0.000E+00  0.000E+00  0.000E+00  0.000E+00  0.000E+00  0.213E+02
 1985  319      0  0.708E+00  0.520E+02  0.153E+00  0.397E-01  0.196E+00  0.408E-01  0.544E-02  0.212E-01  0.000E+00  0.968E+01  0.000E+00  0.000E+00  0.000E+00  0.000E+00  0.000E+00  0.000E+00  0.000E+00  0.000E+00  0.160E+02
 1985  320      0  0.574E+00  0.173E+01  0.137E-01  0.365E-02  0.178E+00  0.136E-01  0.152E-02  0.369E-02  0.000E+00  0.102E+02  0.000E+00  0.000E+00  0.000E+00  0.000E+00  0.000E+00  0.000E+00  0.000E+00  0.000E+00  0.137E+02
 1985  321      0  0.566E+00  0.129E+00  0.165E-02  0.403E-03  0.173E+00  0.135E-01  0.222E-02  0.180E-02  0.000E+00  0.945E+01  0.000E+00  0.000E+00  0.000E+00  0.000E+00  0.000E+00  0.000E+00  0.000E+00  0.000E+00  0.172E+02
 1985  322      0  0.718E+00  0.642E+02  0.181E+00  0.451E-01  0.202E+00  0.495E-01  0.982E-02  0.284E-01  0.000E+00  0.864E+01  0.000E+00  0.000E+00  0.000E+00  0.000E+00  0.000E+00  0.000E+00  0.000E+00  0.000E+00  0.212E+02
 1985  323      0  0.685E+00  0.150E+01  0.675E-01  0.173E-01  0.186E+00  0.260E-01  0.405E-02  0.120E-01  0.000E+00  0.927E+01  0.000E+00  0.000E+00  0.000E+00  0.000E+00  0.000E+00  0.000E+00  0.000E+00  0.000E+00  0.181E+02
 1985  324      0  0.606E+00  0.425E+00  0.822E-02  0.210E-02  0.179E+00  0.100E-01  0.821E-03  0.258E-02  0.000E+00  0.113E+02  0.000E+00  0.000E+00  0.000E+00  0.000E+00  0.000E+00  0.000E+00  0.000E+00  0.000E+00  0.957E+01
 1985  325      0  0.616E+00  0.158E+00  0.184E-02  0.406E-03  0.179E+00  0.105E-01  0.120E-02  0.163E-02  0.000E+00  0.103E+02  0.000E+00  0.000E+00  0.000E+00  0.000E+00  0.000E+00  0.000E+00  0.000E+00  0.000E+00  0.132E+02
 1985  326      0  0.523E+00  0.168E+00  0.612E-03  0.117E-03  0.176E+00  0.123E-01  0.173E-02  0.148E-02  0.000E+00  0.981E+01  0.000E+00  0.000E+00  0.000E+00  0.000E+00  0.000E+00  0.000E+00  0.000E+00  0.000E+00  0.155E+02
 1985  327      0  0.567E+00  0.873E-02  0.534E-04  0.109E-04  0.174E+00  0.143E-01  0.276E-02  0.121E-02  0.000E+00  0.894E+01  0.000E+00  0.000E+00  0.000E+00  0.000E+00  0.000E+00  0.000E+00  0.000E+00  0.000E+00  0.198E+02
 1985  328      0  0.274E+01  0.797E+03  0.257E+01  0.655E+00  0.199E+00  0.242E+00  0.226E-01  0.137E+00  0.000E+00  0.914E+01  0.000E+00  0.000E+00  0.000E+00  0.000E+00  0.000E+00  0.000E+00  0.000E+00  0.000E+00  0.179E+02
 1985  329      0  0.122E+01  0.000E+00  0.574E+00  0.149E+00  0.170E+00  0.106E+00  0.124E-01  0.491E-01  0.000E+00  0.883E+01  0.000E+00  0.000E+00  0.000E+00  0.000E+00  0.000E+00  0.000E+00  0.000E+00  0.000E+00  0.200E+02
 1985  330      0  0.565E+01  0.414E+03  0.161E+01  0.391E+00  0.627E-01  0.146E+00  0.138E-01  0.709E-01  0.000E+00  0.856E+01  0.000E+00  0.000E+00  0.000E+00  0.000E+00  0.000E+00  0.000E+00  0.000E+00  0.000E+00  0.212E+02
 1985  331      0  0.523E+02  0.213E+04  0.833E+01  0.209E+01  0.187E-01  0.249E+00  0.663E-02  0.128E+00  0.000E+00  0.965E+01  0.000E+00  0.000E+00  0.000E+00  0.000E+00  0.000E+00  0.000E+00  0.000E+00  0.000E+00  0.155E+02
 1985  332      0  0.118E+02  0.000E+00  0.346E+01  0.940E+00  0.375E-01  0.136E+00  0.379E-02  0.752E-01  0.000E+00  0.112E+02  0.000E+00  0.000E+00  0.000E+00  0.000E+00  0.000E+00  0.000E+00  0.000E+00  0.000E+00  0.965E+01
 1985  333      0  0.770E+01  0.000E+00  0.825E+00  0.229E+00  0.430E-01  0.443E-01  0.164E-02  0.234E-01  0.000E+00  0.107E+02  0.000E+00  0.000E+00  0.000E+00  0.000E+00  0.000E+00  0.000E+00  0.000E+00  0.000E+00  0.118E+02
 1985  334      0  0.516E+01  0.138E+01  0.220E+00  0.608E-01  0.573E-01  0.191E-01  0.117E-02  0.890E-02  0.000E+00  0.960E+01  0.000E+00  0.000E+00  0.000E+00  0.000E+00  0.000E+00  0.000E+00  0.000E+00  0.000E+00  0.165E+02
 1985  335      0  0.363E+01  0.000E+00  0.593E-01  0.167E-01  0.705E-01  0.614E-02  0.275E-03  0.234E-02  0.000E+00  0.110E+02  0.000E+00  0.000E+00  0.000E+00  0.000E+00  0.000E+00  0.000E+00  0.000E+00  0.000E+00  0.106E+02
 1985  336      0  0.267E+01  0.000E+00  0.172E-01  0.488E-02  0.855E-01  0.281E-02  0.102E-03  0.738E-03  0.000E+00  0.127E+02  0.000E+00  0.000E+00  0.000E+00  0.000E+00  0.000E+00  0.000E+00  0.000E+00  0.000E+00  0.492E+01
 1985  337      0  0.205E+01  0.000E+00  0.524E-02  0.146E-02  0.102E+00  0.281E-02  0.134E-03  0.436E-03  0.000E+00  0.121E+02  0.000E+00  0.000E+00  0.000E+00  0.000E+00  0.000E+00  0.000E+00  0.000E+00  0.000E+00  0.676E+01
 1985  338      0  0.179E+01  0.000E+00  0.143E-02  0.376E-03  0.108E+00  0.413E-02  0.351E-03  0.446E-03  0.000E+00  0.101E+02  0.000E+00  0.000E+00  0.000E+00  0.000E+00  0.000E+00  0.000E+00  0.000E+00  0.000E+00  0.140E+02
 1985  339      0  0.142E+01  0.000E+00  0.381E-03  0.102E-03  0.119E+00  0.411E-02  0.333E-03  0.336E-03  0.000E+00  0.106E+02  0.000E+00  0.000E+00  0.000E+00  0.000E+00  0.000E+00  0.000E+00  0.000E+00  0.000E+00  0.122E+02
 1985  340      0  0.138E+01  0.000E+00  0.119E-03  0.296E-04  0.115E+00  0.444E-02  0.384E-03  0.253E-03  0.000E+00  0.105E+02  0.000E+00  0.000E+00  0.000E+00  0.000E+00  0.000E+00  0.000E+00  0.000E+00  0.000E+00  0.127E+02
 1985  341      0  0.114E+01  0.000E+00  0.285E-04  0.759E-05  0.124E+00  0.543E-02  0.566E-03  0.143E-03  0.000E+00  0.101E+02  0.000E+00  0.000E+00  0.000E+00  0.000E+00  0.000E+00  0.000E+00  0.000E+00  0.000E+00  0.143E+02
 1985  342      0  0.102E+01  0.000E+00  0.819E-05  0.252E-05  0.126E+00  0.673E-02  0.848E-03  0.174E-03  0.000E+00  0.979E+01  0.000E+00  0.000E+00  0.000E+00  0.000E+00  0.000E+00  0.000E+00  0.000E+00  0.000E+00  0.156E+02
 1985  343      0  0.102E+01  0.414E+00  0.145E-02  0.340E-03  0.133E+00  0.840E-02  0.128E-02  0.976E-03  0.000E+00  0.926E+01  0.000E+00  0.000E+00  0.000E+00  0.000E+00  0.000E+00  0.000E+00  0.000E+00  0.000E+00  0.182E+02
 1985  344      0  0.178E+03  0.191E+04  0.693E+01  0.185E+01  0.601E-01  0.112E+00  0.163E-02  0.802E-01  0.000E+00  0.101E+02  0.000E+00  0.000E+00  0.000E+00  0.000E+00  0.000E+00  0.000E+00  0.000E+00  0.000E+00  0.139E+02
 1985  345      0  0.284E+02  0.000E+00  0.495E+01  0.141E+01  0.749E-01  0.119E+00  0.197E-02  0.808E-01  0.000E+00  0.120E+02  0.000E+00  0.000E+00  0.000E+00  0.000E+00  0.000E+00  0.000E+00  0.000E+00  0.000E+00  0.702E+01
 1985  346      0  0.132E+02  0.000E+00  0.177E+01  0.510E+00  0.515E-01  0.562E-01  0.107E-02  0.365E-01  0.000E+00  0.125E+02  0.000E+00  0.000E+00  0.000E+00  0.000E+00  0.000E+00  0.000E+00  0.000E+00  0.000E+00  0.553E+01
 1985  347      0  0.784E+01  0.734E+00  0.561E+00  0.162E+00  0.512E-01  0.227E-01  0.490E-03  0.140E-01  0.000E+00  0.127E+02  0.000E+00  0.000E+00  0.000E+00  0.000E+00  0.000E+00  0.000E+00  0.000E+00  0.000E+00  0.496E+01
 1985  348      0  0.508E+01  0.000E+00  0.170E+00  0.493E-01  0.615E-01  0.997E-02  0.285E-03  0.533E-02  0.000E+00  0.122E+02  0.000E+00  0.000E+00  0.000E+00  0.000E+00  0.000E+00  0.000E+00  0.000E+00  0.000E+00  0.631E+01
 1985  349      0  0.370E+01  0.000E+00  0.486E-01  0.140E-01  0.747E-01  0.466E-02  0.182E-03  0.190E-02  0.000E+00  0.118E+02  0.000E+00  0.000E+00  0.000E+00  0.000E+00  0.000E+00  0.000E+00  0.000E+00  0.000E+00  0.759E+01
 1985  350      0  0.382E+01  0.464E+01  0.256E-01  0.747E-02  0.765E-01  0.339E-02  0.151E-03  0.148E-02  0.000E+00  0.114E+02  0.000E+00  0.000E+00  0.000E+00  0.000E+00  0.000E+00  0.000E+00  0.000E+00  0.000E+00  0.924E+01
 1985  351      0  0.300E+01  0.000E+00  0.397E-02  0.117E-02  0.824E-01  0.229E-02  0.132E-03  0.397E-03  0.000E+00  0.109E+02  0.000E+00  0.000E+00  0.000E+00  0.000E+00  0.000E+00  0.000E+00  0.000E+00  0.000E+00  0.108E+02
 1985  352      0  0.246E+01  0.000E+00  0.978E-03  0.284E-03  0.934E-01  0.215E-02  0.118E-03  0.223E-03  0.000E+00  0.115E+02  0.000E+00  0.000E+00  0.000E+00  0.000E+00  0.000E+00  0.000E+00  0.000E+00  0.000E+00  0.890E+01
 1985  353      0  0.221E+01  0.000E+00  0.257E-03  0.741E-04  0.996E-01  0.210E-02  0.115E-03  0.173E-03  0.000E+00  0.116E+02  0.000E+00  0.000E+00  0.000E+00  0.000E+00  0.000E+00  0.000E+00  0.000E+00  0.000E+00  0.826E+01
 1985  354      0  0.187E+01  0.000E+00  0.763E-04  0.216E-04  0.110E+00  0.259E-02  0.160E-03  0.139E-03  0.000E+00  0.113E+02  0.000E+00  0.000E+00  0.000E+00  0.000E+00  0.000E+00  0.000E+00  0.000E+00  0.000E+00  0.939E+01
 1985  355      0  0.167E+01  0.000E+00  0.196E-04  0.567E-05  0.116E+00  0.348E-02  0.265E-03  0.984E-04  0.000E+00  0.108E+02  0.000E+00  0.000E+00  0.000E+00  0.000E+00  0.000E+00  0.000E+00  0.000E+00  0.000E+00  0.115E+02
 1985  356      0  0.158E+01  0.000E+00  0.531E-05  0.000E+00  0.113E+00  0.423E-02  0.399E-03  0.124E-03  0.000E+00  0.998E+01  0.000E+00  0.000E+00  0.000E+00  0.000E+00  0.000E+00  0.000E+00  0.000E+00  0.000E+00  0.148E+02
 1985  357      0  0.140E+01  0.000E+00  0.000E+00  0.000E+00  0.119E+00  0.457E-02  0.450E-03  0.121E-03  0.000E+00  0.102E+02  0.000E+00  0.000E+00  0.000E+00  0.000E+00  0.000E+00  0.000E+00  0.000E+00  0.000E+00  0.138E+02
 1985  358      0  0.134E+01  0.000E+00  0.000E+00  0.000E+00  0.125E+00  0.417E-02  0.349E-03  0.118E-03  0.000E+00  0.108E+02  0.000E+00  0.000E+00  0.000E+00  0.000E+00  0.000E+00  0.000E+00  0.000E+00  0.000E+00  0.114E+02
 1985  359      0  0.124E+01  0.000E+00  0.000E+00  0.000E+00  0.126E+00  0.309E-02  0.170E-03  0.874E-04  0.000E+00  0.124E+02  0.000E+00  0.000E+00  0.000E+00  0.000E+00  0.000E+00  0.000E+00  0.000E+00  0.000E+00  0.582E+01
 1985  360      0  0.116E+01  0.000E+00  0.000E+00  0.000E+00  0.125E+00  0.403E-02  0.287E-03  0.976E-04  0.000E+00  0.113E+02  0.000E+00  0.000E+00  0.000E+00  0.000E+00  0.000E+00  0.000E+00  0.000E+00  0.000E+00  0.943E+01
 1985  361      0  0.112E+01  0.000E+00  0.000E+00  0.000E+00  0.125E+00  0.495E-02  0.443E-03  0.122E-03  0.000E+00  0.106E+02  0.000E+00  0.000E+00  0.000E+00  0.000E+00  0.000E+00  0.000E+00  0.000E+00  0.000E+00  0.120E+02
 1985  362      0  0.104E+01  0.000E+00  0.000E+00  0.000E+00  0.124E+00  0.476E-02  0.404E-03  0.116E-03  0.000E+00  0.110E+02  0.000E+00  0.000E+00  0.000E+00  0.000E+00  0.000E+00  0.000E+00  0.000E+00  0.000E+00  0.107E+02
 1985  363      0  0.116E+01  0.000E+00  0.000E+00  0.000E+00  0.117E+00  0.453E-02  0.360E-03  0.115E-03  0.000E+00  0.109E+02  0.000E+00  0.000E+00  0.000E+00  0.000E+00  0.000E+00  0.000E+00  0.000E+00  0.000E+00  0.108E+02
 1985  364      0  0.970E+00  0.000E+00  0.000E+00  0.000E+00  0.121E+00  0.631E-02  0.782E-03  0.149E-03  0.000E+00  0.994E+01  0.000E+00  0.000E+00  0.000E+00  0.000E+00  0.000E+00  0.000E+00  0.000E+00  0.000E+00  0.149E+02
 1985  365      0  0.884E+00  0.000E+00  0.000E+00  0.000E+00  0.121E+00  0.587E-02  0.575E-03  0.138E-03  0.000E+00  0.105E+02  0.000E+00  0.000E+00  0.000E+00  0.000E+00  0.000E+00  0.000E+00  0.000E+00  0.000E+00  0.126E+02
