19830101
0.0
0.0
0.0
0.0
0.0
0.0
0.0
0.0
0.0
0.0
0.0
0.0
0.0
0.0
0.0
0.0
0.0
0.0
0.0
0.0
0.0
0.0
0.0
0.0
0.0
0.0
0.0
0.0
0.0
2.572
2.572
0.0
0.0
0.0
0.0
0.0
0.0
0.0
0.0
0.0
0.0
0.0
0.0
0.0
0.0
0.0
0.0
0.0
0.0
0.0
7.559
0.0
0.0
0.0
0.0
2.969
0.0
2.475
0.0
0.0
0.0
0.0
1.979
0.0
0.0
0.0
0.0
0.0
0.0
0.0
0.0
0.0
0.0
0.0
15.692
0.0
0.0
0.0
0.0
0.0
1.752
0.0
0.0
0.0
0.0
0.0
0.0
0.174
1.04
1.772
7.436
4.35
0.0
0.0
0.0
0.0
0.0
0.0
0.0
4.061
9.368
0.0
0.0
0.0
0.0
0.0
3.131
3.131
0.0
3.131
0.0
0.0
5.057
0.0
0.0
1.135
0.0
9.379
0.0
0.0
0.0
8.778
2.926
0.0
0.0
2.116
0.0
1.852
0.0
1.852
0.0
0.0
0.0
0.0
17.477
17.86
0.0
15.157
0.0
0.0
2.48
2.48
0.0
2.48
2.48
0.0
0.0
28.424
8.29
0.0
0.0
0.0
0.0
24.617
12.309
12.309
3.065
0.0
5.701
45.3
8.166
10.299
6.747
0.0
8.575
11.22
0.384
0.482
0.671
0.943
1.335
0.0
0.0
0.0
0.0
0.0
0.0
0.0
0.0
0.0
0.0
0.0
0.0
0.0
0.0
0.0
0.0
0.0
0.0
0.0
0.0
0.0
0.0
0.0
0.0
0.0
0.0
30.55
0.0
0.0
0.0
0.0
0.0
0.0
0.0
0.0
0.0
0.0
0.0
0.0
0.0
0.0
0.0
0.0
8.098
0.0
0.0
0.0
5.677
0.0
0.0
0.0
0.0
0.0
0.0
0.0
0.0
0.0
0.0
0.0
0.0
7.081
0.0
0.0
0.0
0.0
0.0
0.0
0.0
0.0
0.0
0.0
0.0
0.0
0.0
0.0
0.0
21.712
0.0
0.0
0.0
0.0
0.0
0.0
0.0
0.0
0.0
0.0
0.0
0.0
0.0
0.0
0.0
0.0
0.0
30.456
0.0
0.0
0.0
0.0
0.0
0.0
0.0
0.0
0.0
0.0
5.289
0.0
0.0
0.0
0.0
0.0
0.0
0.0
0.0
15.315
0.0
0.0
0.0
0.0
0.0
0.0
0.0
0.0
0.0
0.0
0.0
0.0
0.0
0.0
0.0
4.139
0.0
0.0
0.0
0.0
0.0
0.0
0.0
0.0
0.0
0.0
0.0
0.0
0.0
0.0
12.061
0.0
0.0
0.0
0.0
0.0
0.0
5.966
0.0
0.0
0.0
0.0
0.0
0.0
5.385
0.0
0.0
10.77
0.0
1.731
3.603
0.0
0.0
0.0
0.0
0.0
0.0
0.0
4.496
4.496
0.0
0.0
4.496
0.0
0.0
0.0
0.0
0.0
0.0
0.0
0.0
0.0
0.0
0.0
0.0
0.0
0.0
0.0
0.0
0.0
0.0
0.0
0.0
0.0
0.0
0.0
0.0
0.0
0.0
1.515
0.0
1.325
0.0
0.0
0.0
0.0
0.0
0.0
0.0
0.0
0.0
0.0
0.0
0.0
0.0
4.012
0.0
0.0
0.0
4.012
0.0
0.0
0.0
0.0
0.0
0.0
0.0
0.0
0.0
0.0
0.0
0.0
0.0
0.0
0.0
0.0
0.0
0.0
0.0
14.211
0.0
0.0
0.0
1.792
1.298
4.433
0.0
2.217
0.0
7.028
0.0
4.016
0.0
0.0
0.0
0.0
3.737
8.542
0.0
7.137
8.218
0.0
0.0
0.0
10.126
5.063
0.0
5.063
0.0
8.578
0.0
34.314
0.0
0.0
0.0
0.0
0.0
0.0
2.988
0.0
0.0
0.0
13.359
4.372
0.0
0.0
7.683
0.0
0.0
0.0
3.501
0.0
7.003
0.0
0.0
0.0
0.0
0.0
0.0
5.621
6.227
6.227
6.227
0.0
7.117
0.0
6.46
0.0
1.279
0.0
0.0
0.0
0.0
0.0
8.236
0.0
0.0
0.0
0.0
15.102
0.0
53.655
10.042
0.0
0.0
15.786
17.911
0.0
0.0
0.0
0.0
8.579
0.0
0.0
0.0
6.378
0.0
0.0
0.0
0.0
20.317
0.0
0.0
8.006
0.0
0.0
0.0
18.124
0.0
14.44
0.0
0.0
0.657
1.928
0.0
0.325
7.979
7.979
7.979
7.979
7.979
9.161
0.0
0.0
10.077
0.0
0.0
0.0
0.0
0.0
0.0
0.0
0.0
0.0
0.0
0.0
0.0
0.0
0.0
0.0
15.662
0.0
0.0
0.0
20.855
0.0
0.0
0.0
0.0
23.646
27.024
0.0
0.0
0.0
0.0
0.0
0.0
0.0
0.0
3.936
12.195
0.0
28.436
0.0
0.0
0.0
0.0
0.0
0.0
0.0
4.7
8.048
0.0
0.0
0.0
0.0
0.0
0.0
0.0
0.0
0.0
0.0
9.855
0.0
0.0
0.0
0.0
0.0
0.0
0.0
14.273
0.0
17.782
0.0
0.0
5.313
0.0
0.0
0.0
0.0
0.0
0.0
0.0
0.0
0.0
0.0
18.002
0.0
6.692
29.176
0.0
8.14
0.0
9.696
9.696
0.0
0.0
0.0
0.0
0.0
0.0
10.468
0.0
4.088
4.182
3.724
0.0
3.603
5.99
0.0
0.0
5.99
0.0
0.0
0.0
0.0
0.0
0.0
7.355
0.0
0.0
0.0
0.0
0.0
9.449
0.0
0.0
0.0
4.934
4.934
9.869
4.934
9.869
4.934
0.815
0.0
0.0
0.0
0.0
0.0
0.0
0.0
0.0
1.018
0.0
10.446
0.0
0.0
0.0
3.679
3.219
9.657
0.0
0.0
0.0
0.0
0.0
0.0
2.434
3.411
0.0
0.0
0.0
0.0
0.0
0.0
0.0
0.0
4.125
0.0
0.0
0.0
0.0
0.0
0.0
0.0
0.0
0.0
0.0
0.0
0.0
0.0
0.0
0.0
0.0
0.0
0.0
0.0
0.0
0.0
15.533
0.0
0.0
0.0
0.0
0.0
0.0
0.0
0.0
0.0
0.0
0.0
0.0
0.0
0.0
7.986
0.0
0.0
0.0
0.0
0.0
0.0
0.0
0.0
0.0
0.0
0.0
0.0
0.0
0.0
3.911
3.911
0.0
0.0
0.0
0.0
0.0
0.0
0.0
0.0
0.0
0.0
0.0
0.0
0.0
0.0
0.0
5.411
0.0
0.0
0.0
5.039
0.0
0.0
0.0
0.0
0.0
0.0
0.0
0.0
5.443
5.274
0.0
0.0
0.0
0.0
0.0
0.0
12.556
13.618
0.0
5.958
0.0
5.958
0.0
0.0
0.0
14.754
0.0
29.855
0.0
0.0
0.0
0.0
0.0
2.954
0.0
2.954
3.376
5.735
6.554
11.47
0.0
5.735
0.0
5.23
2.158
0.0
3.072
5.147
6.146
0.0
0.0
0.0
12.292
0.0
0.0
6.397
6.214
0.0
2.732
3.123
0.0
0.0
5.465
0.0
0.0
0.584
0.0
0.0
1.955
1.955
0.0
0.0
3.911
0.0
36.972
0.0
0.0
0.0
0.0
6.875
20.626
0.0
0.0
0.0
0.0
8.116
0.0
16.231
4.505
0.0
11.403
2.785
9.141
14.841
0.0
0.0
25.973
0.0
0.0
0.0
16.962
0.0
0.0
11.308
13.494
0.0
0.0
0.0
0.0
15.535
0.0
0.0
0.0
0.0
14.47
0.0
21.705
0.0
14.47
0.0
0.0
0.0
0.0
0.0
11.475
0.0
0.0
0.0
0.0
0.0
0.0
0.0
0.0
0.0
0.0
0.0
0.0
0.0
0.0
0.0
0.0
0.0
0.0
33.663
27.81
0.0
0.0
0.0
0.0
0.0
0.0
0.0
0.0
0.0
0.0
0.0
0.0
0.0
0.0
0.0
10.922
0.0
10.485
0.0
0.0
0.0
0.0
4.082
0.0
0.0
0.0
4.24
0.0
3.3
8.812
0.0
0.0
0.0
0.0
21.959
0.0
0.0
0.0
28.298
0.0
0.0
0.0
0.0
0.0
0.0
0.0
0.0
0.0
0.0
0.0
0.0
0.0
21.091
0.0
0.0
0.0
0.0
0.0
0.0
0.0
0.0
0.0
0.0
1.389
2.275
1.284
3.848
0.0
0.0
6.328
0.0
0.0
0.0
0.0
3.085
4.304
0.0
18.187
0.0
0.0
0.0
0.0
0.0
0.0
13.619
0.0
0.0
0.0
0.0
0.0
0.0
0.0
13.926
0.0
0.0
0.0
0.0
0.0
0.0
0.0
0.0
0.0
0.0
0.0
6.264
6.264
6.056
18.169
0.0
6.056
12.113
6.922
2.938
0.0
2.938
0.0
6.715
0.0
15.18
8.675
0.0
0.0
11.155
7.437
0.0
0.0
0.0
0.0
0.0
12.442
0.0
4.147
0.0
0.0
1.535
0.0
0.0
0.0
4.719
0.0
0.0
0.0
0.0
6.69
0.0
0.0
0.0
0.0
0.0
0.0
0.0
0.0
0.0
0.0
4.084
0.0
0.0
0.0
0.0
0.0
0.0
0.0
0.0
0.0
0.0
0.0
0.0
0.0
0.0
0.0
0.0
0.0
0.0
0.0
0.0
0.0
2.661
0.0
0.0
0.0
0.0
0.0
0.0
0.0
4.97
0.0
0.0
0.0
0.0
0.0
0.0
0.0
0.0
0.0
0.0
0.0
0.0
0.0
0.0
0.0
0.0
0.0
0.0
0.0
0.0
0.0
0.0
0.0
1.599
0.0
0.0
0.0
0.0
0.0
0.0
6.675
7.628
6.675
13.35
0.0
0.0
0.0
3.239
0.0
0.0
0.0
0.0
0.0
0.0
0.0
10.685
3.562
0.0
0.0
0.0
0.0
0.0
0.0
0.0
11.007
11.007
0.0
0.0
3.867
0.0
0.0
0.0
6.821
0.0
0.0
0.0
0.0
0.0
5.259
0.0
2.63
5.259
0.0
5.476
0.0
0.0
12.516
10.952
10.823
0.0
6.184
0.0
0.0
0.0
0.0
0.0
0.0
0.0
0.0
0.0
0.0
0.0
0.0
0.0
0.0
0.0
2.517
0.0
9.48
4.74
9.48
21.67
0.0
0.0
0.0
0.0
0.0
2.668
0.0
9.097
15.92
0.0
7.96
0.0
0.0
0.0
0.0
0.0
6.797
5.202
0.0
0.0
5.259
13.614
20.42
0.0
0.0
0.0
0.0
0.0
0.0
0.0
0.0
16.502
0.0
0.0
12.573
5.501
5.501
0.0
0.0
0.0
0.0
0.0
0.0
11.302
5.651
0.0
28.254
6.108
5.509
7.757
6.258
10.98
14.312
0.0
0.0
0.0
0.0
0.0
0.0
0.0
0.0
0.0
0.0
0.0
0.0
0.0
0.0
0.0
0.0
0.0
0.0
0.0
0.0
0.0
0.0
5.509
0.0
4.824
7.701
11.014
0.0
0.0
0.0
0.0
0.0
0.0
0.0
0.0
0.0
0.0
0.0
5.752
0.0
0.0
0.0
0.0
0.0
0.0
0.0
0.0
0.0
0.0
0.0
0.0
14.902
0.0
0.0
0.0
0.0
0.0
0.0
0.0
0.0
0.0
0.0
0.0
0.0
0.0
0.0
0.0
0.0
0.0
0.0
0.0
0.0
0.0
0.0
16.125
0.0
0.0
0.0
0.0
0.0
0.0
0.0
0.0
0.0
0.0
0.0
0.0
0.0
0.0
0.0
0.0
0.0
0.0
0.0
0.0
0.0
0.0
0.0
0.0
0.0
26.174
0.0
0.0
0.0
0.0
16.916
0.0
0.0
0.0
0.0
0.0
0.0
0.0
0.0
0.0
0.0
0.0
0.0
0.0
0.0
0.0
0.0
0.0
11.22
39.114
0.0
0.0
0.0
0.0
0.0
0.0
0.0
0.0
0.0
11.669
0.0
0.0
0.0
0.0
0.0
0.0
7.499
0.0
5.734
0.0
0.0
0.0
0.0
0.0
0.0
0.0
0.0
0.0
0.0
0.0
0.0
0.0
0.0
19.917
0.0
0.0
0.0
0.0
13.596
0.0
0.0
0.0
0.0
0.0
6.599
0.0
0.0
0.0
0.0
0.0
0.0
0.0
0.0
0.0
9.339
0.0
0.0
0.0
0.0
0.0
0.0
0.0
0.0
0.0
0.0
0.0
0.0
0.0
0.0
0.0
0.0
0.0
0.0
0.0
0.0
0.0
0.0
0.0
0.0
8.455
4.227
0.0
0.0
0.0
0.0
0.0
0.0
0.0
0.0
0.0
0.0
4.977
4.977
0.0
0.0
0.0
3.103
0.0
0.0
0.0
0.0
0.0
0.0
0.0
0.0
0.0
0.0
0.0
4.07
0.0
0.0
0.0
0.0
0.0
0.0
6.017
0.0
3.009
6.017
9.835
0.0
0.0
0.0
0.0
0.0
0.0
0.0
0.0
0.0
3.02
6.041
3.452
0.0
0.0
0.0
5.007
10.014
0.0
3.663
7.325
3.663
7.325
0.0
0.0
0.0
13.342
0.0
11.724
0.0
0.0
0.0
0.0
5.549
11.098
0.0
0.0
11.098
7.396
0.0
11.094
0.0
0.0
0.0
0.0
0.0
4.985
0.0
0.0
0.0
0.0
0.0
0.0
4.459
0.0
5.204
0.0
0.0
0.0
0.0
0.0
0.0
0.0
3.874
2.593
0.0
1.608
1.969
1.772
5.108
0.0
5.108
10.215
0.0
6.497
0.0
6.497
6.497
6.497
0.0
7.491
0.0
0.0
0.0
6.343
0.0
12.686
0.0
0.0
0.0
0.0
18.488
4.622
0.0
0.0
0.0
9.702
9.702
9.702
0.0
7.148
0.0
14.295
0.0
0.0
0.0
0.0
0.0
0.0
0.0
0.0
0.0
0.0
7.576
0.0
0.0
0.0
0.0
2.495
4.168
0.0
0.0
7.401
7.421
0.0
0.0
0.0
0.0
0.0
0.0
3.536
11.087
3.781
2.984
0.0
0.0
0.0
0.0
0.0
0.0
0.0
0.0
0.0
0.0
0.0
0.0
0.0
0.0
0.0
0.0
0.0
0.0
0.0
0.0
0.0
0.0
0.0
0.0
58.005
0.0
0.0
0.0
0.0
0.0
0.0
0.0
0.0
0.0
0.0
14.967
0.0
0.0
0.0
18.642
18.642
0.0
0.0
0.0
23.662
0.0
0.0
0.0
30.011
0.0
0.0
0.0
0.0
18.367
9.183
18.367
0.0
0.0
0.0
0.0
0.0
0.0
0.0
0.0
0.0
0.0
0.0
0.0
0.0
0.0
20.694
20.694
20.694
11.941
0.0
0.0
0.0
23.883
0.0
0.0
0.0
20.028
17.273
16.605
20.858
0.0
9.076
0.0
13.919
27.838
13.919
13.919
0.0
0.0
24.949
0.0
0.0
0.0
15.736
0.0
0.0
5.245
5.245
0.0
15.574
0.0
0.0
0.0
0.0
7.032
0.0
0.0
0.0
2.618
0.0
0.0
2.618
5.237
4.573
0.0
4.001
0.0
4.001
0.0
8.411
0.0
0.0
0.0
0.0
0.0
5.657
9.573
0.0
0.0
0.0
0.0
0.0
0.0
0.0
0.0
0.0
0.0
0.0
0.0
0.0
0.0
0.0
0.0
0.0
0.0
0.0
0.0
0.0
0.0
9.376
9.376
0.0
0.0
0.0
0.0
3.274
0.0
0.0
0.0
0.0
0.0
0.0
0.0
0.0
0.0
0.0
0.0
0.0
0.0
0.0
0.0
0.0
0.0
0.0
0.0
0.0
0.0
3.328
3.328
0.0
0.0
0.0
0.0
0.0
0.0
0.0
0.0
0.0
0.0
0.0
0.0
0.0
0.0
0.0
0.0
0.0
0.0
0.0
0.0
0.0
0.0
0.0
0.0
0.0
0.0
0.0
0.0
0.0
0.0
0.0
10.949
0.0
0.0
5.518
0.0
11.036
0.0
0.0
0.0
14.866
0.0
0.0
0.0
0.0
0.0
4.791
0.0
0.0
0.0
0.0
0.0
0.0
8.327
0.0
0.0
0.0
2.613
0.0
0.0
7.838
0.0
14.908
5.679
4.969
0.0
0.0
8.359
25.076
0.0
0.0
3.417
3.417
0.0
3.417
3.417
0.0
0.0
0.0
0.0
0.0
0.0
3.348
6.697
0.0
0.0
0.0
17.333
2.438
0.0
0.892
0.0
0.0
0.0
0.0
8.635
4.318
13.856
13.856
0.0
0.0
7.918
0.0
0.0
5.664
0.0
0.0
6.134
3.084
5.155
5.041
3.442
20.197
0.0
12.118
0.0
0.0
4.723
9.446
0.0
9.446
0.0
7.254
20.606
3.131
0.0
0.0
14.315
0.0
0.0
0.0
0.0
0.0
0.0
0.0
18.214
18.214
19.217
0.0
0.0
19.217
0.0
0.0
0.0
0.0
0.0
0.0
0.0
20.155
0.0
8.818
0.0
17.636
11.984
23.968
0.0
35.952
11.984
0.0
13.016
0.0
0.0
0.0
0.0
1.204
0.0
0.0
2.865
0.0
10.802
0.0
0.0
21.604
0.0
0.0
0.0
0.0
27.769
0.0
0.0
15.458
0.0
0.0
0.0
0.0
14.785
0.0
0.0
0.0
0.0
0.0
35.536
23.691
0.0
0.0
0.0
0.0
0.0
0.0
0.0
0.0
0.0
0.0
0.0
0.0
0.0
1.959
0.0
0.0
0.0
0.0
0.0
0.0
0.0
0.0
0.0
0.0
0.0
6.976
0.0
0.0
0.0
0.0
0.0
0.0
0.0
0.0
0.0
0.0
7.403
0.0
0.0
0.0
0.0
0.0
0.0
0.0
6.743
0.0
0.0
0.0
0.0
0.0
0.0
0.0
0.0
0.0
0.0
0.0
0.0
6.515
13.029
0.0
0.0
0.0
0.0
11.972
7.27
0.0
0.0
28.223
0.0
0.0
0.0
0.0
0.0
5.304
21.217
0.0
0.0
0.0
0.0
0.0
0.0
0.0
0.0
0.0
0.0
0.0
21.316
0.0
22.387
0.0
0.0
0.0
0.0
0.0
0.0
0.0
11.296
0.0
0.0
0.0
0.0
0.0
0.0
0.0
0.0
0.0
0.0
0.0
0.0
18.053
9.026
0.0
9.026
0.0
0.0
0.0
0.0
0.0
0.0
0.0
0.0
0.0
0.0
0.0
0.0
2.418
0.0
0.0
2.609
0.0
0.0
1.842
2.268
0.0
0.0
0.0
0.0
0.0
0.0
0.0
0.0
8.958
17.915
3.468
0.0
0.0
3.468
3.468
3.732
7.464
0.0
0.0
0.0
9.544
9.544
0.0
0.0
0.0
0.0
1.148
0.0
0.0
0.0
2.808
0.0
0.0
0.0
0.0
0.0
0.0
0.0
0.0
0.0
0.0
0.0
0.0
0.0
0.0
0.0
0.0
0.0
6.212
0.0
0.0
0.0
0.0
0.0
0.0
0.0
0.0
0.0
0.0
0.0
0.0
0.0
0.0
0.0
0.0
0.0
0.0
0.0
0.0
0.0
0.0
0.0
0.0
0.0
0.0
0.0
0.0
0.0
0.0
0.0
0.0
0.0
0.0
0.0
0.0
0.0
0.0
0.0
0.0
0.0
0.0
0.0
0.0
0.0
0.0
0.0
0.0
0.0
4.101
8.203
0.0
0.0
0.0
4.193
4.792
10.657
0.0
3.552
3.552
3.552
5.724
5.724
17.172
0.0
0.0
6.965
0.0
7.961
6.965
0.0
4.636
4.636
18.542
0.0
0.0
0.0
9.241
0.0
0.0
0.0
0.0
0.0
6.922
6.922
0.0
15.821
0.0
0.0
0.0
0.0
0.0
0.0
2.642
0.0
0.0
0.0
0.0
9.682
0.0
18.327
5.879
23.085
0.0
0.0
0.0
15.39
0.0
0.0
5.27
5.27
10.541
0.0
9.741
0.0
9.741
9.741
5.295
5.618
11.721
4.89
15.237
19.859
29.789
0.0
0.0
0.0
0.0
0.0
0.0
5.241
4.472
0.0
5.473
0.0
0.0
0.0
3.357
0.0
0.0
3.357
7.674
0.0
0.0
0.0
4.187
4.187
8.374
14.47
0.0
28.992
0.0
0.0
0.0
11.211
0.0
5.605
0.0
0.0
18.924
4.504
0.0
6.956
0.0
13.579
23.101
31.298
26.413
10.517
9.118
8.395
13.409
11.31
45.285
0.0
0.0
17.251
0.0
0.0
0.0
0.0
10.183
10.183
0.0
0.0
12.013
0.0
0.0
0.0
0.0
0.0
0.0
0.0
0.0
0.0
0.0
0.0
0.0
0.0
0.0
0.0
0.0
0.0
0.0
0.0
0.0
0.0
0.0
0.0
0.0
20.812
0.0
0.0
0.0
0.0
0.0
0.0
22.229
0.0
0.0
0.0
0.0
0.0
0.0
0.0
0.0
0.0
0.0
30.159
0.0
0.0
0.0
0.0
0.0
0.0
0.0
0.0
0.0
0.0
0.0
0.0
0.0
0.0
0.0
0.0
15.594
0.0
0.0
0.0
15.594
0.0
0.0
7.419
6.492
12.983
0.0
0.0
0.0
0.0
0.0
0.0
0.0
0.0
7.332
0.0
0.0
6.947
6.947
6.947
0.0
13.078
0.0
6.539
0.0
0.0
0.0
6.103
0.0
0.0
6.103
0.0
0.0
31.811
0.0
0.0
0.0
0.0
0.0
0.0
0.0
0.0
0.0
0.0
11.672
0.0
0.0
0.0
0.0
0.0
0.0
0.0
0.0
4.296
0.0
0.0
0.0
0.0
0.0
0.0
0.0
12.635
0.0
5.884
0.0
0.0
0.0
0.0
10.793
0.0
0.0
0.0
0.0
0.0
5.517
11.034
0.0
1.883
0.0
0.0
1.572
1.883
1.813
0.0
0.0
0.0
0.0
2.857
0.0
0.0
0.0
0.0
0.0
0.0
0.0
0.0
0.0
0.0
0.0
0.0
0.0
0.0
0.0
0.0
2.766
2.766
5.531
0.0
0.0
0.0
0.0
0.0
0.0
0.0
0.0
0.0
0.0
0.0
0.0
0.0
0.0
0.0
0.0
0.0
0.0
0.0
0.0
0.0
0.0
0.0
0.0
9.26
0.0
0.0
0.0
0.0
0.0
0.0
0.0
0.0
0.0
0.0
0.0
0.0
0.0
0.0
0.0
0.0
0.0
0.0
1.818
0.0
0.0
0.0
0.0
0.0
0.0
15.303
3.489
4.908
0.0
0.0
0.0
3.325
0.0
0.0
0.0
0.0
0.0
3.261
0.0
0.0
0.0
2.862
0.0
0.0
0.0
0.0
0.0
0.0
0.0
0.0
0.0
0.0
0.0
0.0
21.925
0.0
0.0
0.0
0.0
0.0
0.0
0.0
0.0
0.0
4.149
8.298
7.76
23.279
0.0
0.0
0.0
0.0
6.703
0.0
0.0
0.0
0.0
3.074
0.0
0.0
3.074
14.026
0.0
0.0
8.182
20.454
0.0
0.0
0.0
16.103
18.698
0.0
0.0
1.764
3.528
5.292
23.234
0.0
0.0
13.277
0.0
7.19
0.0
4.108
3.595
0.0
0.0
0.0
5.685
0.0
17.056
0.0
20.566
0.0
0.0
0.0
6.902
0.0
0.0
0.0
0.0
0.0
11.774
0.0
0.0
0.0
0.0
0.0
0.0
0.0
0.0
0.0
0.0
0.0
37.029
0.0
0.0
0.0
0.0
23.185
46.37
0.0
11.922
0.0
0.0
0.0
0.0
0.0
0.0
0.0
0.0
0.0
0.0
0.0
0.0
0.0
0.0
5.813
0.0
0.0
0.0
5.813
0.0
0.0
17.887
17.887
0.0
0.0
0.0
9.619
0.0
0.0
0.0
0.0
0.0
0.0
0.0
0.0
0.0
0.0
0.0
0.0
14.193
0.0
0.0
0.0
0.0
0.0
0.0
0.0
0.0
0.0
4.176
0.0
0.0
0.0
0.0
0.0
0.0
0.0
0.0
0.0
0.0
0.0
0.0
0.0
0.0
0.0
0.0
0.0
0.0
0.0
4.432
0.0
9.558
0.0
0.0
0.0
0.0
10.82
0.0
0.0
0.0
0.0
0.0
0.0
16.771
16.771
0.0
0.0
0.0
7.03
0.0
7.03
0.0
0.0
8.785
17.571
0.0
0.0
0.0
0.0
0.0
0.0
7.305
0.0
0.0
0.0
7.305
0.0
0.0
0.0
7.642
0.0
0.0
0.0
0.0
0.0
0.0
0.0
0.0
0.0
25.38
0.0
0.0
0.0
11.018
0.0
0.0
0.0
0.0
0.0
6.081
0.0
0.0
0.0
0.0
0.0
0.0
0.0
0.0
6.764
0.0
0.0
0.0
0.0
0.0
0.0
10.568
0.0
0.0
0.0
0.0
8.279
0.0
0.0
0.0
0.0
9.397
0.0
0.0
0.0
0.0
0.0
0.0
0.0
0.0
0.0
0.0
0.0
0.0
0.0
0.0
0.0
3.354
4.626
0.0
9.252
0.0
0.0
0.0
0.0
11.068
0.0
5.534
0.0
19.802
0.0
0.0
0.0
0.0
0.0
24.707
0.0
0.0
0.0
0.0
0.0
0.0
0.0
0.0
0.0
0.0
0.0
0.0
0.0
0.0
0.0
0.0
0.0
0.0
0.0
0.0
0.0
0.0
0.0
0.0
0.0
0.0
5.256
0.0
0.0
5.205
0.0
2.602
0.0
0.0
0.0
18.464
0.0
0.0
9.232
0.0
0.0
0.0
0.0
0.0
2.877
2.877
0.0
0.0
5.754
0.0
0.0
0.0
5.532
0.0
0.0
3.575
3.575
0.0
0.0
0.0
0.0
0.0
4.736
9.472
0.0
0.0
3.687
0.0
9.873
0.0
0.0
0.0
0.0
0.0
0.0
0.0
10.064
0.0
9.879
0.0
0.0
0.0
0.0
0.0
0.0
0.0
0.0
0.0
0.0
14.565
0.0
7.283
6.08
0.0
0.0
6.08
6.08
0.0
11.443
26.155
11.443
0.0
0.0
15.712
0.0
0.0
0.0
7.856
0.0
0.0
8.47
8.47
0.0
0.0
0.0
4.734
0.0
9.468
0.0
0.0
0.0
0.0
10.382
0.0
0.0
10.787
0.0
16.181
0.0
0.0
0.0
0.0
18.632
0.0
0.0
0.0
0.0
13.537
0.0
0.0
43.494
16.983
8.367
8.205
16.41
0.0
16.41
16.41
0.0
0.0
0.0
39.492
19.746
0.0
0.0
49.556
0.0
0.0
0.0
0.0
0.0
5.46
0.0
5.46
0.0
10.586
0.0
0.0
0.0
0.0
26.615
0.0
0.0
0.0
0.0
0.0
32.512
0.0
0.0
27.203
0.0
0.0
0.0
0.0
0.0
0.0
10.948
10.948
0.0
10.598
42.393
10.598
10.598
21.197
0.0
64.475
42.984
0.0
0.0
0.0
0.0
0.0
0.0
29.972
0.0
0.0
0.0
0.0
0.0
0.0
0.0
0.0
0.0
0.0
22.856
0.0
0.0
0.0
0.0
0.0
11.348
6.845
0.0
0.0
0.0
0.0
0.0
0.0
0.0
0.0
6.092
0.0
8.164
0.0
0.0
0.0
0.0
0.0
0.0
0.0
0.0
0.0
4.997
0.0
0.0
0.0
0.0
0.0
0.0
7.243
0.0
0.0
0.0
0.0
0.0
0.0
0.0
0.0
0.0
0.0
0.0
0.0
0.0
0.0
0.0
0.0
49.167
0.0
0.0
0.0
0.0
0.0
0.0
0.0
0.0
0.0
0.0
0.0
0.0
0.0
0.0
0.0
0.0
0.0
0.0
0.0
0.0
10.653
10.653
21.306
0.0
0.0
0.0
0.0
0.0
0.0
11.022
0.0
0.0
0.0
0.0
0.0
0.0
0.0
0.0
0.0
0.0
0.0
7.743
0.0
0.0
0.0
0.0
0.0
0.0
0.0
8.144
0.0
0.0
0.0
0.0
0.0
0.0
0.0
0.0
0.0
0.0
0.0
0.0
0.0
0.0
0.0
0.0
0.0
0.0
12.027
12.027
0.0
0.0
0.0
0.0
0.0
0.0
8.596
0.0
0.0
0.0
0.0
0.0
0.0
0.0
0.0
0.0
0.0
0.0
0.0
0.0
0.0
0.0
0.0
0.0
0.0
0.0
0.0
0.0
0.0
0.0
0.0
0.0
0.0
0.0
0.0
0.0
4.127
0.0
0.0
0.0
0.0
0.0
0.0
0.0
0.0
0.0
0.0
0.0
0.0
0.0
0.0
0.0
0.0
0.0
0.0
0.912
0.0
0.0
0.0
0.0
0.0
0.0
0.0
0.0
0.0
0.0
0.0
0.0
0.0
0.0
0.0
0.0
0.0
0.0
0.0
0.0
0.0
0.0
10.306
0.0
0.0
0.0
0.0
0.0
0.0
0.0
0.0
0.0
0.0
0.0
0.0
0.0
0.0
0.0
0.0
0.0
0.0
0.0
0.0
0.0
0.0
0.0
0.0
0.0
2.713
9.741
8.197
0.0
0.0
16.394
0.0
0.0
0.0
7.925
15.85
0.0
7.856
0.0
0.0
0.0
0.0
6.723
17.649
5.883
0.0
0.0
0.0
0.0
4.035
0.0
4.035
0.0
0.0
5.427
5.427
4.749
0.0
9.356
9.356
3.119
3.119
0.0
8.423
9.627
0.0
8.423
0.0
0.0
0.0
2.669
0.0
0.0
1.678
1.678
0.0
1.678
1.678
0.0
5.161
0.0
0.0
10.321
0.0
0.0
28.812
0.0
8.404
14.317
0.0
0.0
0.0
0.0
8.823
0.0
8.823
8.823
0.0
20.777
0.0
4.545
0.0
4.545
19.254
9.627
0.0
19.254
0.0
0.0
0.0
31.394
15.697
0.0
0.0
0.0
0.0
0.0
0.0
0.0
0.0
0.0
0.0
0.0
15.651
0.0
0.0
0.0
0.0
0.0
0.0
0.0
0.0
0.0
0.0
0.0
0.0
0.0
0.0
0.0
0.0
0.0
0.0
0.0
0.0
0.0
0.0
0.0
0.0
0.0
0.0
0.0
9.835
7.007
0.0
0.0
0.0
0.0
0.0
60.186
0.0
0.0
0.0
0.0
0.0
0.0
0.0
0.0
0.0
0.0
0.0
0.0
0.0
0.0
0.0
0.0
0.0
8.948
0.0
0.0
0.0
0.0
0.0
0.0
0.0
0.0
0.0
5.726
0.0
0.0
0.0
0.0
0.0
0.0
0.0
0.0
10.386
5.75
0.0
0.0
0.0
0.0
0.0
0.0
0.0
0.0
0.0
0.0
0.0
0.0
0.0
0.0
0.0
0.0
21.303
0.0
0.0
0.0
0.0
0.0
0.0
0.0
30.81
20.54
0.0
0.0
0.0
0.0
0.0
0.0
0.0
11.701
0.0
0.0
0.0
0.0
0.0
0.0
10.272
0.0
0.0
0.0
6.88
6.88
0.0
0.0
0.0
10.245
10.245
0.0
10.245
0.0
11.693
0.0
0.0
0.0
0.0
0.0
0.0
0.0
0.0
0.0
0.0
0.0
0.0
0.0
0.0
0.0
10.19
0.0
10.19
0.0
0.0
0.0
5.691
0.0
2.846
0.0
5.727
5.727
0.0
0.0
5.727
8.969
0.0
0.0
0.0
0.0
0.0
0.0
0.0
0.0
0.0
0.0
0.0
0.0
7.161
7.161
0.0
0.0
0.0
0.0
0.0
5.443
0.0
0.0
0.0
10.886
0.0
0.0
0.0
0.0
0.0
0.0
0.0
0.0
0.0
0.0
0.0
0.0
0.0
0.0
0.0
0.0
0.0
0.0
0.0
10.189
0.0
0.0
0.0
0.0
0.0
0.0
0.0
0.0
0.0
0.0
0.0
0.0
0.0
0.0
0.0
0.0
0.0
0.0
0.0
0.0
0.0
0.0
0.0
0.0
0.0
0.0
0.0
0.0
5.76
2.88
5.76
0.0
0.0
0.0
0.0
0.0
0.0
0.0
0.0
1.819
1.819
1.819
2.715
0.0
2.715
5.429
0.0
0.0
0.0
0.0
0.0
0.0
0.0
0.0
0.0
0.0
0.0
3.963
0.0
0.0
3.91
0.0
0.0
0.0
11.729
0.0
0.0
0.0
0.0
7.636
0.0
9.154
13.732
9.154
0.0
0.0
0.0
0.0
0.0
0.0
0.0
0.0
0.0
11.192
5.596
16.789
6.42
0.0
0.0
0.0
0.0
4.578
0.0
0.0
0.0
0.0
12.657
0.0
3.245
9.347
0.0
0.0
0.0
32.166
0.0
0.0
0.0
3.327
15.027
0.0
3.395
5.912
6.289
14.8
0.0
0.0
0.0
0.0
0.0
6.09
5.328
7.928
0.0
0.0
4.53
11.891
0.0
0.0
0.0
0.0
7.83
1.976
0.0
1.976
7.905
0.0
0.0
0.0
0.0
6.775
0.0
0.0
0.0
9.175
0.0
0.0
11.483
15.202
0.0
0.0
0.0
30.405
17.23
0.0
17.23
0.0
25.845
0.0
0.0
0.0
0.0
0.0
0.0
0.0
0.0
0.0
0.0
41.467
0.0
0.0
0.0
0.0
0.0
0.0
21.834
0.0
0.0
0.0
19.338
0.0
9.669
19.338
0.0
0.0
0.0
0.0
0.0
0.0
0.0
0.0
0.0
0.0
0.0
0.0
0.0
0.0
0.0
0.0
0.0
0.0
0.0
0.0
0.0
0.0
0.0
0.0
8.568
0.0
0.0
0.0
0.0
0.0
43.265
0.0
0.0
0.0
0.0
0.0
0.0
0.0
0.0
0.0
0.0
0.0
0.0
0.0
0.0
0.0
0.0
0.0
0.0
0.0
0.0
0.0
0.0
0.0
0.0
0.0
0.0
0.0
0.0
0.0
0.0
0.0
0.0
10.307
0.0
9.018
0.0
0.0
0.0
0.0
0.0
0.0
24.896
0.0
0.0
0.0
12.448
15.233
0.0
0.0
0.0
0.0
11.76
0.0
0.0
11.76
0.0
0.0
0.0
0.0
2.829
0.0
0.0
0.0
12.72
0.0
6.36
0.0
0.0
0.0
0.0
12.893
0.0
0.0
0.0
0.0
0.0
0.0
0.0
9.614
0.0
0.0
0.0
0.0
15.08
0.0
0.0
0.0
0.0
2.919
0.0
0.0
0.0
0.0
0.0
4.368
0.0
0.0
0.0
0.0
4.048
0.0
0.0
0.0
0.0
34.85
0.0
0.0
0.0
0.0
0.0
0.0
9.431
0.0
23.225
0.0
0.0
0.0
4.821
2.41
9.641
0.0
7.231
2.487
0.0
2.176
0.0
0.0
0.0
0.0
0.0
0.0
0.0
0.0
0.0
0.0
0.0
0.0
0.0
5.829
0.0
0.0
0.0
0.0
0.0
0.0
0.0
0.0
2.818
0.0
0.0
0.0
0.0
0.0
0.0
0.0
0.0
0.0
6.536
0.0
0.0
0.0
0.0
0.0
0.0
0.0
0.0
0.0
11.768
0.0
0.0
0.0
0.0
0.0
0.0
0.0
0.0
0.0
0.0
0.0
0.0
0.0
0.0
0.0
0.0
0.0
0.0
0.0
0.0
3.52
0.0
0.0
0.0
0.0
0.0
0.0
0.0
0.0
0.0
0.0
5.133
0.0
5.133
10.266
0.0
0.0
0.0
5.954
21.392
0.0
0.0
0.0
0.0
0.0
0.0
0.0
0.0
4.843
22.406
0.0
0.0
7.469
0.0
0.0
0.0
0.0
4.142
3.624
13.37
0.0
0.0
0.0
0.0
0.0
3.244
0.0
0.0
0.0
0.0
4.604
4.604
4.604
4.604
4.604
0.0
3.257
6.513
0.0
0.0
0.0
0.0
0.0
4.62
0.0
0.0
0.72
0.0
0.0
0.0
0.0
6.49
0.0
0.0
8.457
0.0
3.399
0.0
6.797
0.0
0.0
27.137
0.0
0.0
0.0
0.0
0.0
0.0
10.625
0.0
6.203
12.406
0.0
12.406
0.0
3.522
0.0
0.0
0.0
7.043
0.0
27.757
0.0
0.0
6.939
7.568
15.135
0.0
7.568
0.0
0.0
20.41
0.0
0.0
0.0
6.803
0.0
14.716
14.716
29.433
0.0
0.0
0.0
0.0
0.0
0.0
0.0
0.0
0.0
0.0
0.0
0.0
0.0
0.0
0.0
0.0
0.0
32.155
0.0
0.0
0.0
0.0
0.0
0.0
0.0
0.0
0.0
0.0
0.0
33.493
0.0
0.0
0.0
0.0
0.0
0.0
0.0
0.0
0.0
0.0
0.0
0.0
0.0
0.0
0.0
0.0
0.0
0.0
0.0
0.0
0.0
0.0
0.0
0.0
0.0
0.0
0.0
0.0
0.0
0.0
0.0
0.0
0.0
0.0
0.0
0.0
0.0
0.0
0.0
0.0
33.266
0.0
0.0
0.0
0.0
0.0
0.0
0.0
0.0
0.0
0.0
0.0
0.0
0.0
0.0
0.0
0.0
0.0
0.0
0.0
0.0
0.0
0.0
0.0
0.0
0.0
0.0
0.0
0.0
0.0
0.0
0.0
15.177
0.0
0.0
22.063
0.0
0.0
0.0
0.0
0.0
12.762
12.762
0.0
0.0
0.0
0.0
0.0
0.0
0.0
0.0
11.364
0.0
10.333
20.665
0.0
10.333
0.0
10.495
0.0
0.0
0.0
0.0
0.0
0.0
0.0
0.0
0.0
0.0
7.028
0.0
7.028
0.0
7.028
0.0
0.0
0.0
0.0
10.863
4.762
0.0
0.0
0.0
0.0
0.0
0.0
0.0
6.164
0.0
0.0
0.0
0.0
0.0
0.0
0.0
0.0
0.0
8.425
4.213
0.0
0.0
0.0
0.0
0.0
0.0
0.0
0.0
0.0
5.368
0.0
0.0
0.0
0.0
0.0
0.0
0.0
0.0
0.0
0.0
0.0
0.0
0.0
0.0
0.0
0.0
0.0
0.0
0.0
0.0
0.0
0.0
0.0
0.0
0.0
0.0
0.0
0.0
0.0
0.0
0.0
0.0
0.0
0.0
0.0
0.0
0.0
0.0
0.0
0.0
0.0
0.0
0.0
0.0
0.0
0.0
0.0
0.0
6.912
0.0
0.0
0.0
0.0
0.0
0.0
0.0
0.0
0.0
0.0
0.0
0.0
0.0
0.0
0.0
0.0
0.0
0.0
0.0
0.0
0.0
0.0
0.0
0.0
0.0
0.0
0.0
0.0
12.527
0.0
0.0
0.0
0.0
0.0
0.0
8.528
0.0
0.0
10.841
6.195
0.0
11.809
17.714
11.809
11.809
0.0
15.375
0.0
0.0
0.0
17.571
0.0
6.504
18.583
3.252
0.0
10.06
0.0
10.06
0.0
0.0
0.0
0.0
12.066
0.0
0.0
0.0
0.0
2.867
0.0
0.0
2.867
4.211
4.211
4.211
0.0
4.211
0.0
5.446
2.723
2.723
2.723
15.262
7.631
0.0
0.0
3.815
22.247
0.0
12.977
6.489
0.0
0.0
8.029
0.0
16.058
8.029
12.275
18.412
0.0
0.0
0.0
0.0
0.0
0.0
9.922
0.0
0.0
0.0
0.0
18.492
0.0
0.0
0.0
10.085
0.0
0.0
0.0
8.028
8.028
18.351
0.0
8.45
0.0
8.45
4.225
8.45
0.0
0.0
7.189
7.189
7.189
7.189
8.924
44.622
26.773
17.849
0.0
0.0
17.995
31.492
0.0
0.0
0.0
23.317
0.0
23.317
23.317
0.0
0.0
0.0
20.063
0.0
0.0
0.0
0.0
0.0
0.0
27.578
0.0
55.155
63.035
0.0
0.0
0.0
0.0
0.0
0.0
0.0
0.0
0.0
0.0
0.0
0.0
0.0
0.0
0.0
0.0
0.0
0.0
0.0
0.0
0.0
0.0
0.0
0.0
0.0
0.0
0.0
0.0
0.0
0.0
0.0
0.0
0.0
0.0
0.0
0.0
0.0
0.0
0.0
0.0
6.42
6.717
0.0
39.895
0.0
0.0
0.0
0.0
0.0
0.0
0.0
0.0
0.0
0.0
0.0
0.0
0.0
0.0
0.0
0.0
0.0
0.0
0.0
0.0
0.0
0.0
0.0
0.0
0.0
28.003
14.002
0.0
0.0
0.0
0.0
0.0
0.0
0.0
0.0
0.0
0.0
0.0
0.0
0.0
0.0
0.0
0.0
0.0
0.0
0.0
0.0
0.0
0.0
0.0
0.0
0.0
0.0
0.0
0.0
0.0
0.0
0.0
0.0
0.0
0.0
0.0
0.0
0.0
0.0
0.0
0.0
16.558
0.0
0.0
0.0
0.0
21.567
10.783
0.0
15.918
7.959
0.0
7.959
0.0
0.0
0.0
0.0
0.0
0.0
0.0
0.0
0.0
0.0
0.0
0.0
0.0
0.0
0.0
0.0
0.0
0.0
0.0
0.0
0.0
0.0
0.0
0.0
0.0
0.0
0.0
0.0
2.33
0.0
0.0
0.0
4.444
0.0
0.0
2.222
2.14
2.14
0.0
0.0
0.0
0.0
0.0
0.0
0.0
0.0
3.248
6.497
3.248
0.0
0.0
0.0
0.0
0.0
0.0
0.0
0.0
0.0
0.0
0.0
0.0
0.0
0.0
0.0
0.0
0.0
0.0
0.0
0.0
0.0
0.0
0.0
0.0
0.0
0.0
0.0
0.0
3.56
7.121
0.0
0.0
0.0
0.0
7.979
0.0
0.0
0.0
0.0
0.0
0.0
0.0
0.0
0.0
0.0
0.0
7.851
7.851
7.851
11.028
0.0
5.514
5.514
0.0
17.957
0.0
7.856
0.0
0.0
0.0
0.0
0.0
0.0
0.0
0.0
0.0
0.0
0.0
8.014
0.0
8.014
8.014
0.0
0.0
0.0
0.0
0.0
0.0
9.299
0.0
9.299
0.0
0.0
0.0
0.0
0.0
0.0
6.214
3.978
11.934
0.0
3.978
0.0
0.0
0.0
4.057
8.114
8.114
0.0
0.0
0.0
0.0
10.58
0.0
12.038
0.0
0.0
0.0
12.038
5.886
5.886
0.0
5.886
5.886
0.0
10.884
0.0
0.0
4.762
0.0
5.899
0.0
0.0
0.0
0.0
5.175
0.0
0.0
5.175
0.0
0.0
7.98
14.068
13.063
8.573
0.0
0.0
0.0
25.719
11.259
0.0
0.0
11.259
25.735
0.0
0.0
0.0
0.0
9.02
18.082
0.0
18.082
18.082
0.0
0.0
23.922
0.0
10.466
26.165
15.699
0.0
19.808
19.808
29.711
0.0
0.0
0.0
0.0
0.0
0.0
0.0
0.0
0.0
13.51
0.0
18.532
0.0
0.0
0.0
0.0
0.0
0.0
16.122
0.0
0.0
0.0
56.147
0.0
0.0
0.0
0.0
26.197
26.197
0.0
0.0
0.0
0.0
0.0
0.0
0.0
17.415
0.0
52.246
0.0
0.0
0.0
0.0
0.0
0.0
0.0
0.0
0.0
0.0
0.0
0.0
0.0
0.0
0.0
0.0
0.0
0.0
0.0
0.0
0.0
0.0
0.0
0.0
0.0
0.0
0.0
0.0
0.0
65.098
0.0
0.0
0.0
0.0
0.0
0.0
0.0
0.0
0.0
0.0
0.0
0.0
0.0
0.0
0.0
0.0
0.0
0.0
0.0
0.0
0.0
0.0
0.0
0.0
0.0
0.0
5.018
0.0
0.0
0.0
0.0
0.0
0.0
0.0
0.0
0.0
0.0
0.0
0.0
0.0
4.277
0.0
0.0
0.0
9.337
0.0
0.0
0.0
0.0
0.0
0.0
0.0
0.0
0.0
0.0
0.0
0.0
0.0
0.0
0.0
7.724
0.0
0.0
7.724
5.567
11.135
0.0
0.0
0.0
6.252
6.252
0.0
0.0
0.0
0.0
7.126
0.0
7.126
0.0
7.126
0.0
0.0
0.0
0.0
0.0
0.0
0.0
0.0
0.0
0.0
0.0
0.0
0.0
6.688
0.0
0.0
0.0
0.0
0.0
0.0
0.0
0.0
0.0
0.0
0.0
0.0
0.0
0.0
20.782
0.0
4.958
0.0
0.0
0.0
0.0
0.0
0.0
0.0
0.0
0.0
0.0
0.0
0.0
0.0
0.0
0.0
0.0
0.0
0.0
0.0
0.0
0.0
0.0
0.0
0.0
0.0
0.0
0.0
11.954
0.0
0.0
0.0
0.0
0.0
0.0
0.0
5.325
0.0
0.0
0.0
0.0
0.0
0.0
0.0
0.0
0.0
0.0
0.0
0.0
0.0
0.0
0.0
0.0
0.0
0.0
0.0
0.0
0.0
0.0
0.0
0.0
4.117
0.0
0.0
0.0
0.0
0.0
0.0
0.0
0.0
0.0
0.0
0.0
0.0
0.0
0.0
0.0
0.0
0.0
0.0
0.0
0.0
0.0
0.0
0.0
0.0
0.0
0.0
10.431
5.215
0.0
18.256
0.0
0.0
0.0
0.0
0.0
0.0
0.0
0.0
0.0
4.363
0.0
13.089
0.0
0.0
0.0
2.409
4.817
4.817
0.0
0.0
27.367
7.982
0.0
31.894
0.0
0.0
0.0
15.947
6.977
0.0
0.0
10.428
15.642
0.0
0.0
0.0
0.0
0.0
0.0
8.781
35.124
8.781
0.0
10.035
7.616
0.0
0.0
0.0
0.0
0.0
0.0
0.0
8.316
0.0
0.0
24.568
12.284
0.0
18.426
4.796
14.388
9.592
0.0
0.0
0.0
0.0
0.0
17.978
0.0
0.0
6.076
0.0
0.0
0.0
0.0
6.666
19.999
0.0
0.0
0.0
20.574
6.858
0.0
0.0
0.0
12.683
6.341
12.683
6.341
6.341
0.0
10.467
23.924
11.962
0.0
0.0
0.0
0.0
8.459
0.0
59.047
47.237
0.0
23.619
11.809
23.584
0.0
0.0
23.584
0.0
0.0
0.0
15.304
0.0
0.0
0.0
0.0
15.52
0.0
0.0
0.0
59.303
0.0
0.0
0.0
0.0
0.0
0.0
0.0
0.0
0.0
0.0
0.0
0.0
0.0
0.0
0.0
0.0
0.0
0.0
0.0
0.0
0.0
0.0
0.0
0.0
0.0
0.0
0.0
0.0
0.0
0.0
0.0
0.0
0.0
0.0
0.0
0.0
0.0
0.0
0.0
5.773
0.0
0.0
0.0
0.0
0.0
0.0
0.0
6.035
0.0
0.0
0.0
6.345
0.0
0.0
0.0
0.0
0.0
8.389
0.0
0.0
0.0
0.0
0.0
0.0
0.0
0.0
13.26
0.0
0.0
0.0
8.689
0.0
0.0
0.0
0.0
0.0
23.76
0.0
0.0
0.0
0.0
0.0
4.724
9.448
4.724
0.0
0.0
0.0
0.0
6.109
0.0
0.0
0.0
11.074
11.074
6.925
0.0
0.0
0.0
0.0
10.231
0.0
0.0
10.231
0.0
0.0
0.0
6.394
12.788
0.0
0.0
0.0
11.116
0.0
0.0
0.0
10.89
0.0
0.0
0.0
0.0
11.829
0.0
0.0
0.0
0.0
0.0
9.138
0.0
0.0
0.0
0.0
0.0
8.883
0.0
0.0
0.0
0.0
13.001
0.0
0.0
0.0
0.0
0.0
0.0
0.0
7.118
21.353
0.0
7.118
0.0
0.0
0.0
0.0
0.0
0.0
0.0
0.0
2.968
0.0
8.905
0.0
11.349
5.674
0.0
0.0
0.0
0.0
0.0
0.0
0.0
0.0
0.0
0.0
0.0
0.0
4.727
0.0
0.0
0.0
0.0
0.0
0.0
0.0
0.0
0.0
11.948
0.0
0.0
0.0
0.0
0.0
0.0
0.0
0.0
0.0
0.0
0.0
0.0
0.0
0.0
0.0
0.0
0.0
0.0
0.0
0.0
0.0
0.0
0.0
0.0
0.0
0.0
0.0
3.312
0.0
0.0
0.0
0.0
0.0
0.0
0.0
0.0
9.941
9.941
0.0
0.0
0.0
0.0
0.0
0.0
0.0
0.0
0.0
0.0
0.0
0.0
0.0
0.0
0.0
0.0
0.0
0.0
0.0
0.0
0.0
0.0
0.0
0.0
0.0
0.0
0.0
5.525
0.0
5.525
5.525
0.0
0.0
0.0
4.168
4.168
0.0
0.0
0.0
0.0
0.0
2.657
0.0
2.657
0.0
0.0
0.0
0.0
0.0
7.361
0.0
0.0
3.44
0.0
0.0
0.0
6.88
0.0
0.0
1.928
3.856
0.0
0.0
0.0
0.0
9.768
0.0
0.0
9.609
4.805
0.0
0.0
0.0
0.0
6.577
0.0
7.517
0.0
0.0
0.0
12.249
0.0
4.676
18.703
4.676
4.676
18.703
0.0
0.0
0.0
0.0
0.0
15.925
0.0
0.0
0.0
36.4
10.971
0.0
19.199
0.0
0.0
0.0
5.585
16.756
0.0
0.0
0.0
0.0
15.432
8.082
9.938
17.337
0.0
0.0
0.0
0.0
0.0
0.0
0.0
0.0
14.594
0.0
0.0
0.0
13.564
0.0
0.0
16.783
8.391
0.0
0.0
0.0
0.0
0.0
0.0
0.0
0.0
0.0
0.0
0.0
0.0
0.0
0.0
0.0
0.0
0.0
0.0
0.0
0.0
0.0
0.0
0.0
0.0
0.0
0.0
0.0
0.0
0.0
0.0
0.0
5.452
0.0
0.0
0.0
7.309
8.709
0.0
0.0
0.0
0.0
0.0
0.0
0.0
0.0
0.0
0.0
0.0
0.0
0.0
0.0
0.0
0.0
0.0
0.0
0.0
35.79
0.0
0.0
0.0
0.0
0.0
0.0
0.0
0.0
0.0
0.0
0.0
0.0
0.0
0.0
0.0
0.0
0.0
0.0
0.0
0.0
0.0
0.0
0.0
14.027
0.0
0.0
0.0
0.0
0.0
0.0
0.0
0.0
0.0
16.925
0.0
0.0
16.925
0.0
0.0
0.0
0.0
0.0
0.0
0.0
0.0
0.0
0.0
21.33
0.0
0.0
0.0
0.0
0.0
0.0
9.886
0.0
0.0
0.0
0.0
0.0
7.148
7.148
0.0
0.0
0.0
7.711
0.0
0.0
0.0
0.0
0.0
0.0
0.0
0.0
0.0
0.0
0.0
0.0
0.0
0.0
7.392
0.0
0.0
0.0
0.0
0.0
0.0
0.0
7.508
3.08
0.0
0.0
3.08
6.16
2.786
0.0
2.786
0.0
0.0
9.919
0.0
0.0
0.0
0.0
0.0
0.0
0.0
0.0
0.0
0.0
0.0
2.967
2.967
0.0
0.0
5.779
0.0
0.0
0.0
0.0
0.0
0.0
0.0
0.0
0.0
0.0
0.0
0.0
0.0
0.0
0.0
0.0
0.0
0.0
0.0
0.0
0.0
0.0
0.0
8.025
0.0
0.0
0.0
0.0
0.0
0.0
0.0
0.0
0.0
0.0
0.0
0.0
0.0
0.0
6.427
0.0
0.0
0.0
0.0
0.0
0.0
0.0
0.0
0.0
0.0
12.318
0.0
0.0
0.0
6.858
0.0
0.0
0.0
0.0
0.0
0.0
0.0
0.0
0.0
0.0
8.556
20.191
6.73
0.0
0.0
0.0
0.0
0.0
0.0
0.0
0.0
0.0
0.0
12.438
0.0
0.0
0.0
8.311
6.134
0.0
0.0
0.0
0.0
10.25
6.105
6.105
18.314
0.0
0.0
0.0
0.0
13.049
0.0
0.0
0.0
0.0
0.0
0.0
0.0
0.0
0.0
0.0
0.0
0.0
0.0
0.0
10.914
0.0
4.775
14.325
0.0
9.074
0.0
0.0
0.0
0.0
0.0
0.0
0.0
5.128
5.395
6.166
0.0
0.0
0.0
2.317
0.0
2.317
2.317
0.0
2.915
2.915
5.829
0.0
2.915
0.0
0.0
0.0
0.0
0.0
0.0
0.0
0.0
0.0
19.841
4.995
0.0
4.995
4.995
4.995
0.0
0.0
0.0
4.431
17.725
0.0
0.0
0.0
0.0
8.449
0.0
0.0
0.0
13.984
0.0
0.0
0.0
8.961
0.0
34.342
0.0
0.0
0.0
0.0
20.901
0.0
7.445
0.0
0.0
0.0
22.334
0.0
20.945
9.163
18.327
0.0
0.0
0.0
8.84
35.361
0.0
0.0
9.024
0.0
18.047
0.0
0.0
26.196
0.0
0.0
26.196
0.0
27.26
13.63
0.0
0.0
0.0
16.248
0.0
0.0
0.0
29.486
14.743
0.0
0.0
0.0
0.0
0.0
0.0
16.372
0.0
0.0
0.0
0.0
0.0
0.0
0.0
0.0
0.0
0.0
0.0
0.0
0.0
0.0
0.0
0.0
0.0
0.0
0.0
0.0
0.0
0.0
0.0
0.0
0.0
0.0
0.0
0.0
0.0
0.0
0.0
0.0
78.411
0.0
0.0
0.0
0.0
0.0
0.0
0.0
0.0
0.0
0.0
18.219
0.0
0.0
0.0
0.0
0.0
0.0
0.0
0.0
0.0
0.0
23.267
11.633
0.0
0.0
23.557
0.0
0.0
0.0
0.0
0.0
0.0
0.0
0.0
0.0
0.0
7.557
0.0
0.0
7.557
0.0
0.0
0.0
16.77
0.0
0.0
0.0
0.0
8.442
0.0
0.0
0.0
0.0
0.0
0.0
0.0
0.0
0.0
0.0
0.0
0.0
0.0
18.028
0.0
0.0
0.0
0.0
0.0
0.0
0.0
0.0
0.0
5.579
0.0
5.579
0.0
0.0
4.213
4.213
0.0
0.0
0.0
0.0
10.487
0.0
0.0
4.926
4.926
0.0
4.926
0.0
0.0
5.753
0.0
0.0
0.0
0.0
0.0
0.0
0.0
0.0
0.0
4.54
0.0
0.0
0.0
0.0
0.0
0.0
0.0
0.0
0.0
0.0
0.0
0.0
0.0
0.0
0.0
0.0
0.0
0.0
0.0
0.0
0.0
0.0
7.785
0.0
1.151
4.605
0.0
0.0
0.0
0.0
0.0
0.0
0.0
0.0
0.0
0.0
0.0
4.251
0.0
0.0
0.0
0.0
0.0
0.0
0.0
0.0
0.0
0.0
0.0
6.955
0.0
0.0
0.0
0.0
0.0
0.0
0.0
0.0
0.0
0.0
0.0
0.0
0.0
0.0
0.0
0.0
0.0
0.0
0.0
0.0
0.0
0.0
0.0
0.0
0.0
0.0
0.0
0.0
0.0
6.356
6.715
0.0
0.0
0.0
0.0
0.0
0.0
0.0
0.0
0.0
0.0
0.0
0.0
0.0
0.0
0.0
0.0
0.0
0.0
0.0
0.0
0.0
0.0
15.766
0.0
0.0
0.0
0.0
7.347
0.0
43.746
0.0
0.0
0.0
0.0
4.686
14.058
0.0
4.686
9.372
0.0
0.0
0.0
0.0
0.0
11.46
0.0
0.0
0.0
7.64
0.0
0.0
0.0
0.0
0.0
16.917
5.639
0.0
0.0
0.0
0.0
0.0
6.6
6.6
0.0
18.102
0.0
0.0
0.0
0.0
0.0
0.0
4.37
8.74
8.74
0.0
7.085
0.0
0.0
7.085
0.0
20.387
0.0
0.0
10.193
9.681
6.454
3.227
6.454
3.227
19.879
0.0
0.0
0.0
0.0
0.0
20.868
0.0
0.0
0.0
13.912
0.0
0.0
0.0
0.0
0.0
0.0
0.0
0.0
11.216
0.0
0.0
0.0
0.0
15.135
0.0
11.138
0.0
0.0
0.0
0.0
0.0
0.0
0.0
0.0
29.815
0.0
0.0
0.0
0.0
0.0
0.0
0.0
0.0
0.0
0.0
0.0
0.0
0.0
0.0
0.0
0.0
0.0
0.0
0.0
0.0
0.0
0.0
0.0
0.0
0.0
0.0
0.0
0.0
39.503
0.0
0.0
35.546
0.0
8.886
8.886
0.0
0.0
0.0
0.0
14.39
0.0
0.0
0.0
0.0
0.0
0.0
0.0
0.0
0.0
0.0
0.0
0.0
0.0
0.0
0.0
0.0
0.0
0.0
0.0
0.0
0.0
0.0
0.0
0.0
0.0
0.0
0.0
0.0
4.236
0.0
0.0
16.945
10.316
0.0
0.0
0.0
3.439
0.0
0.0
0.0
0.0
11.444
0.0
6.538
0.0
0.0
0.0
0.0
7.255
0.0
0.0
0.0
0.0
0.0
0.0
0.0
0.0
0.0
0.0
0.0
0.0
0.0
0.0
0.0
0.0
0.0
0.0
0.0
0.0
0.0
0.0
0.0
0.0
0.0
0.0
0.0
0.0
0.0
18.665
18.665
18.665
0.0
0.0
0.0
3.687
7.374
3.687
0.0
0.0
10.673
5.336
5.336
0.0
0.0
0.0
0.0
0.0
4.72
0.0
0.0
0.0
0.0
0.0
0.0
0.0
0.0
0.0
0.0
0.0
0.0
0.0
0.0
0.0
0.0
0.0
0.0
0.0
0.0
0.0
0.0
0.0
0.0
0.0
7.721
0.0
0.0
0.0
0.0
0.0
0.0
0.0
0.0
0.0
0.0
2.636
2.636
0.0
0.0
0.0
0.0
0.0
0.0
0.0
7.416
0.0
0.0
0.0
0.0
0.0
0.0
0.0
0.0
0.0
0.0
0.0
0.0
0.0
0.0
10.91
0.0
0.0
0.0
0.0
0.0
0.0
0.0
0.0
0.0
0.0
0.0
0.0
0.0
0.0
0.0
0.0
0.0
0.0
0.0
0.0
0.0
0.0
0.0
0.0
0.0
0.0
0.0
0.0
0.0
0.0
0.0
0.0
0.0
0.0
0.0
0.0
3.775
0.0
0.0
3.775
3.775
2.307
0.0
2.307
5.653
0.0
0.0
0.0
11.307
0.0
0.0
3.42
0.0
0.0
0.0
9.124
3.992
7.983
0.0
5.368
5.368
2.684
5.368
2.684
3.597
3.597
0.0
0.0
0.0
10.506
0.0
5.253
0.0
0.0
0.0
18.664
6.221
37.329
0.0
0.0
0.0
0.0
0.0
0.0
7.546
2.742
2.742
0.0
10.969
0.0
11.681
3.894
7.787
0.0
0.0
2.94
2.94
0.0
0.0
5.881
12.987
0.0
0.0
17.316
0.0
0.0
4.98
9.96
9.96
0.0
0.0
0.0
0.0
17.044
0.0
0.0
0.0
8.941
4.471
8.941
5.72
0.0
0.0
0.0
17.161
0.0
0.0
0.0
8.716
17.431
0.0
14.059
0.0
7.03
28.119
7.03
14.596
7.298
0.0
0.0
21.893
0.0
0.0
0.0
7.991
0.0
29.093
0.0
7.273
0.0
0.0
0.0
0.0
7.424
0.0
0.0
0.0
10.817
10.817
21.634
0.0
0.0
0.0
0.0
19.866
0.0
0.0
0.0
0.0
0.0
30.811
0.0
0.0
0.0
0.0
0.0
0.0
0.0
0.0
0.0
0.0
0.0
0.0
0.0
0.0
0.0
0.0
0.0
0.0
0.0
0.0
0.0
0.0
0.0
0.0
0.0
0.0
0.0
0.0
0.0
0.0
0.0
7.656
0.0
0.0
0.0
0.0
0.0
0.0
0.0
7.127
0.0
0.0
5.944
0.0
0.0
0.0
0.0
0.0
0.0
0.0
4.988
0.0
0.0
0.0
0.0
0.0
0.0
0.0
0.0
0.0
0.0
0.0
0.0
0.0
20.294
20.294
0.0
0.0
29.458
0.0
0.0
0.0
0.0
0.0
0.0
0.0
0.0
0.0
0.0
0.0
0.0
0.0
0.0
0.0
0.0
0.0
0.0
0.0
0.0
0.0
0.0
0.0
0.0
0.0
0.0
0.0
0.0
0.0
0.0
3.48
3.48
0.0
0.0
0.0
0.0
0.0
0.0
0.0
13.222
4.407
8.815
0.0
0.0
0.0
7.573
0.0
0.0
0.0
0.0
0.0
0.0
0.0
0.0
0.0
0.0
0.0
0.0
0.0
0.0
0.0
17.709
0.0
0.0
9.868
9.868
0.0
0.0
0.0
0.0
0.0
0.0
0.0
0.0
0.0
0.0
0.0
0.0
0.0
4.93
4.93
0.0
0.0
0.0
0.0
0.0
0.0
0.0
0.0
0.0
0.0
0.0
0.0
0.0
0.0
0.0
0.0
0.0
0.0
0.0
0.0
0.0
0.0
0.0
0.0
0.0
0.0
0.0
0.0
0.0
6.266
0.0
0.0
0.0
0.0
5.05
0.0
0.0
0.0
5.05
0.0
4.459
0.0
0.0
0.0
0.0
0.0
0.0
0.0
0.0
0.0
0.0
0.0
0.0
0.0
0.0
0.0
0.0
0.0
0.0
0.0
0.0
0.0
0.0
0.0
0.0
0.0
0.0
0.0
0.0
6.049
0.0
0.0
0.0
0.0
0.0
0.0
0.0
0.0
0.0
0.0
0.0
5.973
8.959
2.986
0.0
3.186
3.186
0.0
6.084
0.0
3.042
0.0
0.0
8.64
0.0
0.0
0.0
8.64
0.0
6.155
0.0
0.0
3.078
0.0
0.0
0.0
0.0
4.027
0.0
0.0
6.713
0.0
0.0
0.0
0.0
0.0
24.234
0.0
0.0
0.0
0.0
0.0
0.0
5.928
12.37
0.0
28.274
12.37
6.185
0.0
0.0
11.211
0.0
7.474
6.263
12.527
18.79
25.054
0.0
6.097
0.0
0.0
0.0
0.0
4.219
0.0
0.0
4.219
0.0
9.779
9.779
4.889
0.0
0.0
29.544
0.0
0.0
7.386
0.0
5.931
5.931
0.0
0.0
0.0
0.0
0.0
8.422
0.0
8.422
10.766
16.149
0.0
0.0
0.0
0.0
8.567
17.135
8.567
0.0
0.0
8.291
4.146
4.146
8.291
0.0
42.375
0.0
6.054
6.054
24.214
0.0
7.376
0.0
25.29
0.0
29.723
0.0
9.908
9.908
0.0
0.0
0.0
0.0
0.0
0.0
0.0
57.729
0.0
0.0
0.0
0.0
0.0
0.0
0.0
29.729
0.0
0.0
0.0
0.0
0.0
0.0
0.0
0.0
0.0
0.0
0.0
0.0
0.0
0.0
0.0
0.0
0.0
0.0
0.0
0.0
0.0
0.0
0.0
0.0
0.0
0.0
0.0
0.0
0.0
0.0
0.0
0.0
0.0
0.0
0.0
0.0
0.0
0.0
0.0
0.0
0.0
0.0
0.0
0.0
0.0
0.0
0.0
0.0
0.0
0.0
0.0
0.0
0.0
0.0
46.315
0.0
0.0
0.0
0.0
0.0
0.0
0.0
0.0
0.0
0.0
11.441
0.0
0.0
0.0
0.0
0.0
0.0
0.0
0.0
4.222
0.0
0.0
0.0
0.0
0.0
19.225
0.0
0.0
0.0
0.0
0.0
0.0
0.0
0.0
0.0
0.0
0.0
0.0
0.0
0.0
0.0
0.0
0.0
9.764
0.0
0.0
0.0
0.0
0.0
0.0
0.0
0.0
0.0
5.69
0.0
0.0
0.0
0.0
19.681
19.681
13.12
0.0
0.0
0.0
0.0
0.0
2.849
2.849
12.044
0.0
0.0
0.0
7.026
0.0
0.0
0.0
0.0
0.0
0.0
0.0
0.0
0.0
0.0
0.0
0.0
5.088
0.0
0.0
1.844
0.0
0.0
1.844
0.0
4.012
2.006
0.0
0.0
4.012
1.98
0.0
1.98
0.0
3.961
0.0
0.0
0.0
0.0
0.0
0.0
0.0
0.0
0.0
0.0
0.0
0.0
0.0
0.0
0.0
0.0
0.0
0.0
0.0
0.0
0.0
0.0
0.0
0.0
0.0
0.0
0.0
0.0
1.554
1.554
0.0
0.0
1.399
0.0
4.196
1.399
0.0
0.0
0.0
0.0
0.0
0.0
0.0
0.0
0.0
0.0
0.0
0.0
0.0
0.0
0.0
0.0
0.0
0.0
0.0
0.0
0.0
0.0
0.0
0.0
5.712
5.712
3.527
0.0
0.0
0.0
0.0
5.831
0.0
0.0
0.0
0.0
0.0
4.339
4.339
0.0
8.679
6.654
0.0
0.0
6.147
3.073
6.147
0.0
0.0
0.0
0.0
0.0
24.19
0.0
0.0
0.0
2.972
0.0
0.0
0.0
0.0
0.0
11.517
9.872
0.0
0.0
0.0
0.0
10.739
5.18
0.0
0.0
0.0
4.532
0.0
9.161
4.008
8.016
0.0
0.0
5.093
0.0
0.0
0.0
2.547
13.919
9.279
4.64
0.0
27.837
3.827
0.0
0.0
22.961
3.827
0.0
0.0
3.86
0.0
0.0
0.0
20.281
0.0
4.056
4.636
0.0
0.0
0.0
0.0
0.0
8.127
0.0
0.0
0.0
0.0
10.439
20.878
0.0
0.0
0.0
0.0
0.0
0.0
23.939
0.0
0.0
0.0
0.0
7.596
0.0
1.989
0.0
7.958
5.968
0.0
3.979
4.254
12.763
0.0
4.254
8.509
0.0
55.236
0.0
0.0
0.0
27.014
9.005
9.005
0.0
0.0
0.0
0.0
75.54
0.0
0.0
6.5
26.0
0.0
0.0
0.0
0.0
0.0
0.0
0.0
0.0
0.0
0.0
0.0
0.0
0.0
0.0
0.0
0.0
0.0
0.0
0.0
0.0
0.0
0.0
0.0
34.867
0.0
0.0
0.0
0.0
0.0
0.0
0.0
0.0
0.0
0.0
0.0
0.0
0.0
0.0
0.0
0.0
0.0
0.0
0.0
0.0
0.0
0.0
0.0
0.0
6.66
9.746
0.0
0.0
0.0
0.0
0.0
0.0
0.0
0.0
6.809
0.0
0.0
0.0
0.0
0.0
0.0
0.0
0.0
6.624
0.0
0.0
0.0
0.0
0.0
0.0
0.0
0.0
0.0
0.0
0.0
0.0
0.0
0.0
0.0
0.0
0.0
0.0
0.0
0.0
0.0
0.0
0.0
0.0
0.0
0.0
0.0
0.0
0.0
0.0
0.0
37.352
0.0
0.0
0.0
0.0
3.942
0.0
0.0
0.0
0.0
0.0
0.0
0.0
0.0
32.354
0.0
5.355
5.355
0.0
0.0
0.0
3.089
3.531
0.0
0.0
0.0
0.0
0.0
0.0
0.0
0.0
7.423
0.0
0.0
0.0
5.445
0.0
6.147
0.0
0.0
12.294
6.147
0.0
0.0
0.0
0.0
0.0
5.505
5.505
11.01
0.0
0.0
0.0
0.0
0.0
7.039
0.0
0.0
0.0
0.0
0.0
0.0
0.0
0.0
2.23
0.0
0.0
0.0
0.0
0.0
0.0
0.0
0.0
0.0
0.0
5.966
11.933
0.0
0.0
0.0
0.0
0.0
0.0
0.0
0.0
0.0
0.0
0.0
0.0
0.0
0.0
0.0
0.0
0.0
0.0
0.0
0.0
0.0
0.0
0.0
6.189
9.284
0.0
0.0
0.0
0.0
0.0
0.0
0.0
0.0
0.0
0.0
1.978
0.0
0.0
0.0
0.0
0.0
0.0
0.0
0.0
0.0
0.0
0.0
0.0
0.0
0.0
0.0
0.0
0.0
0.0
0.0
0.0
0.0
0.0
0.0
0.0
7.046
21.137
0.0
0.0
0.0
0.0
0.0
3.152
0.0
0.0
6.304
0.0
0.0
0.0
8.608
0.0
0.0
3.138
3.138
3.138
0.0
0.0
0.0
0.0
0.0
0.0
0.0
0.0
0.0
0.0
3.963
9.003
4.501
0.0
4.501
9.003
2.892
0.0
5.785
0.0
2.892
3.52
0.0
1.76
0.0
5.281
0.0
8.892
22.229
0.0
0.0
0.0
0.0
0.0
0.0
6.165
0.0
0.0
0.0
3.288
3.288
6.575
0.0
0.0
0.0
2.613
0.0
0.0
2.481
4.962
0.0
0.0
0.0
9.769
3.908
5.862
0.0
0.0
0.0
0.0
0.0
0.0
12.928
0.0
0.0
0.0
0.0
19.071
9.535
0.0
19.071
19.071
0.0
0.0
8.178
8.178
0.0
0.0
8.237
8.237
0.0
0.0
22.883
0.0
0.0
0.0
0.0
15.255
8.482
0.0
0.0
25.446
0.0
5.746
5.746
0.0
11.493
0.0
0.0
0.0
0.0
15.852
0.0
0.0
0.0
0.0
0.0
0.0
0.0
0.0
0.0
0.0
0.0
0.0
0.0
0.0
0.0
0.0
0.0
0.0
0.0
0.0
0.0
0.0
0.0
0.0
20.153
20.153
0.0
0.0
0.0
0.0
0.0
0.0
0.0
0.0
0.0
0.0
0.0
0.0
0.0
0.0
0.0
0.0
0.0
0.0
0.0
0.0
0.0
0.0
0.0
0.0
0.0
7.202
0.0
0.0
0.0
0.0
7.08
0.0
0.0
0.0
7.141
0.0
0.0
0.0
0.0
0.0
0.0
0.0
0.0
0.0
0.0
0.0
0.0
0.0
10.284
0.0
0.0
0.0
0.0
0.0
0.0
0.0
0.0
9.92
0.0
0.0
0.0
0.0
30.868
0.0
10.289
0.0
0.0
0.0
0.0
12.681
0.0
0.0
0.0
0.0
0.0
0.0
16.162
9.749
0.0
0.0
9.749
19.497
6.904
0.0
0.0
6.904
0.0
0.0
0.0
0.0
0.0
13.385
0.0
0.0
12.686
0.0
0.0
0.0
13.425
0.0
0.0
0.0
3.146
0.0
0.0
0.0
7.191
0.0
0.0
0.0
9.661
0.0
0.0
0.0
3.075
3.075
3.075
0.0
0.0
0.0
0.0
0.0
4.245
0.0
0.0
0.0
0.0
4.026
0.0
0.0
5.764
0.0
0.0
4.022
0.0
0.0
8.044
0.0
0.0
0.0
0.0
0.0
0.0
0.0
0.0
0.0
0.0
0.0
0.0
0.0
0.0
0.0
0.0
0.0
0.0
0.0
0.0
0.0
0.0
0.0
0.0
0.0
0.0
0.0
0.0
0.0
0.0
12.243
0.0
0.0
0.0
0.0
0.0
0.0
0.0
0.0
0.0
0.0
4.967
0.0
0.0
0.0
0.0
0.0
0.0
0.0
0.0
0.0
0.0
0.0
0.0
0.0
0.0
0.0
0.0
0.0
0.0
0.0
2.586
0.0
0.0
0.0
0.0
0.0
0.0
0.0
0.0
0.0
0.0
0.0
13.116
0.0
0.0
0.0
3.279
0.0
7.438
7.438
0.0
0.0
0.0
0.0
0.0
0.0
0.0
0.0
0.0
0.0
0.0
5.825
6.3
0.0
0.0
0.0
0.0
13.31
8.874
0.0
0.0
0.0
9.577
16.76
8.38
0.0
0.0
34.103
0.0
0.0
0.0
0.0
0.0
10.372
10.372
11.169
0.0
11.169
11.169
0.0
17.973
0.0
0.0
0.0
0.0
0.0
0.0
0.0
0.0
2.659
0.0
0.0
0.0
0.0
0.0
0.0
0.0
0.0
0.0
0.0
19.126
1.23
0.0
4.499
0.0
2.46
0.0
4.325
12.975
4.325
0.0
0.0
0.0
0.0
18.892
0.0
0.0
0.0
8.828
17.657
0.0
11.402
0.0
0.0
0.0
0.0
0.0
0.0
0.0
0.0
0.0
13.392
13.392
13.392
0.0
0.0
0.0
0.0
12.151
0.0
0.0
20.69
10.345
0.0
0.0
10.345
20.69
0.0
0.0
17.675
26.512
17.675
0.0
0.0
0.0
0.0
0.0
28.707
0.0
0.0
0.0
28.707
0.0
0.0
0.0
0.0
0.0
0.0
0.0
9.497
0.0
0.0
0.0
0.0
0.0
0.0
0.0
0.0
0.0
0.0
0.0
0.0
0.0
0.0
0.0
0.0
0.0
0.0
0.0
0.0
19.729
0.0
0.0
0.0
0.0
0.0
0.0
0.0
0.0
12.004
0.0
0.0
0.0
0.0
0.0
0.0
0.0
0.0
0.0
0.0
0.0
0.0
0.0
0.0
0.0
0.0
0.0
0.0
0.0
0.0
0.0
0.0
0.0
0.0
0.0
0.0
0.0
0.0
0.0
0.0
0.0
0.0
0.0
0.0
0.0
0.0
68.772
0.0
0.0
0.0
0.0
0.0
0.0
0.0
0.0
0.0
0.0
0.0
0.0
0.0
0.0
0.0
0.0
0.0
0.0
0.0
0.0
0.0
0.0
0.0
0.0
0.0
0.0
0.0
0.0
44.856
0.0
0.0
0.0
0.0
0.0
0.0
0.0
8.768
0.0
0.0
19.045
0.0
6.348
0.0
0.0
0.0
4.852
0.0
5.874
0.0
0.0
11.748
5.874
0.0
0.0
0.0
11.218
0.0
0.0
0.0
0.0
0.0
0.0
0.0
20.111
0.0
8.799
8.799
8.799
0.0
0.0
0.0
0.0
0.0
0.0
0.0
0.0
0.0
0.0
0.0
0.0
0.0
0.0
0.0
0.0
4.534
0.0
0.0
4.534
0.0
0.0
0.0
0.0
0.0
5.694
5.694
0.0
0.0
0.0
4.056
0.0
4.056
0.0
0.0
0.0
0.0
0.0
0.0
0.0
0.0
0.0
7.134
0.0
0.0
0.0
0.0
0.0
0.0
0.0
0.0
0.0
0.0
0.0
0.0
0.0
0.0
0.0
0.0
0.0
6.751
0.0
3.585
3.585
0.0
0.0
0.0
0.0
0.0
0.0
0.0
2.917
0.0
0.0
2.917
0.0
0.0
0.0
0.0
0.0
0.0
0.0
0.0
0.0
0.0
0.0
0.0
0.0
2.085
0.0
0.0
0.0
3.859
0.0
1.93
0.0
0.0
0.0
0.0
0.0
5.156
7.734
0.0
0.0
5.102
0.0
0.0
0.0
4.747
0.0
0.0
0.0
0.0
0.0
0.0
0.0
0.0
0.0
0.0
0.0
0.0
0.0
0.0
0.0
0.0
0.0
0.0
4.043
0.0
8.087
9.757
9.757
0.0
0.0
0.0
20.995
10.498
0.0
0.0
0.0
0.0
0.0
0.0
0.0
0.0
6.708
0.0
0.0
0.0
0.0
12.135
0.0
0.0
0.0
0.0
6.66
0.0
0.0
0.0
0.0
0.0
0.0
0.0
0.0
5.112
0.0
9.555
0.0
0.0
9.555
9.555
0.0
9.425
9.425
0.0
4.712
0.0
0.0
0.0
0.0
7.065
5.816
5.816
5.816
0.0
23.264
12.61
0.0
18.915
6.305
6.305
35.027
14.011
0.0
0.0
0.0
0.0
0.0
19.969
0.0
6.656
8.922
0.0
17.844
0.0
0.0
0.0
0.0
0.0
23.361
0.0
0.0
0.0
13.54
40.62
13.54
0.0
18.649
0.0
0.0
0.0
18.649
0.0
15.248
0.0
5.083
10.165
0.0
0.0
0.0
0.0
0.0
0.0
0.0
0.0
0.0
0.0
0.0
0.0
0.0
0.0
0.0
0.0
0.0
0.0
0.0
0.0
0.0
0.0
0.0
0.0
0.0
0.0
0.0
0.0
0.0
0.0
0.0
0.0
0.0
0.0
0.0
0.0
0.0
0.0
0.0
31.796
31.796
11.133
5.023
0.0
0.0
0.0
0.0
0.0
0.0
0.0
0.0
0.0
0.0
0.0
0.0
0.0
5.918
0.0
0.0
0.0
0.0
0.0
0.0
0.0
0.0
0.0
0.0
0.0
0.0
4.695
0.0
7.507
0.0
0.0
44.958
0.0
0.0
0.0
31.598
0.0
0.0
0.0
0.0
7.035
0.0
0.0
7.035
11.181
0.0
0.0
0.0
0.0
0.0
0.0
0.0
0.0
0.0
0.0
9.842
0.0
0.0
0.0
0.0
0.0
0.0
0.0
0.0
0.0
0.0
0.0
0.0
0.0
9.509
9.509
0.0
0.0
0.0
0.0
0.0
0.0
33.234
0.0
0.0
0.0
8.791
0.0
0.0
0.0
0.0
0.0
15.496
7.748
0.0
2.926
0.0
0.0
0.0
0.0
0.0
0.0
0.0
0.0
0.0
0.0
3.707
7.414
0.0
0.0
0.0
0.0
0.0
0.0
0.0
0.0
0.0
0.0
0.0
0.0
0.0
0.0
0.0
0.0
0.0
0.0
0.0
2.206
0.0
0.0
0.0
0.0
0.0
0.0
0.0
2.196
0.0
0.0
0.0
0.0
2.788
2.788
0.0
0.0
0.0
0.0
0.0
0.0
0.0
0.0
0.0
0.0
0.0
0.0
0.0
0.0
0.0
0.0
0.0
0.0
0.0
0.0
0.0
0.0
0.0
0.0
0.0
0.0
0.0
0.0
0.0
0.0
0.0
0.0
0.0
0.0
0.0
0.0
0.0
0.0
0.074
0.0
0.0
0.0
0.0
5.147
0.0
0.0
0.0
0.0
0.0
0.0
0.0
0.0
8.162
8.162
0.0
0.0
0.0
0.0
0.0
0.0
0.0
0.0
0.0
0.0
5.281
2.881
11.522
8.642
0.0
0.0
0.0
0.0
0.0
0.0
0.0
0.0
0.0
0.0
0.0
0.0
0.0
0.0
0.0
0.0
0.0
0.0
0.0
0.0
11.691
0.0
0.0
0.0
0.0
0.0
0.0
0.0
0.0
3.689
35.254
0.0
0.0
0.0
11.751
0.0
8.624
25.873
0.0
8.624
17.249
0.0
13.537
0.0
0.0
0.0
0.0
0.0
3.265
0.0
0.0
0.0
0.0
6.343
0.0
0.0
0.0
4.489
0.0
4.489
0.0
4.006
0.0
0.0
0.0
0.0
0.0
0.0
0.0
0.0
0.0
0.0
0.0
0.0
0.0
8.963
38.901
0.0
0.0
15.561
0.0
5.761
0.0
5.761
0.0
0.0
19.316
6.439
0.0
0.0
0.0
0.0
19.288
0.0
12.859
6.429
0.0
0.0
59.629
23.852
11.926
11.926
0.0
28.951
0.0
0.0
0.0
0.0
10.753
0.0
0.0
0.0
0.0
0.0
0.0
0.0
12.296
0.0
0.0
10.577
0.0
10.577
0.0
0.0
0.0
0.0
0.0
0.0
0.0
0.0
0.0
44.47
0.0
0.0
0.0
0.0
0.0
0.0
0.0
0.0
0.0
0.0
0.0
10.778
21.556
0.0
10.778
34.812
0.0
0.0
0.0
34.812
0.0
0.0
0.0
0.0
0.0
0.0
0.0
0.0
0.0
0.0
0.0
0.0
0.0
0.0
0.0
0.0
0.0
0.0
0.0
0.0
0.0
0.0
0.0
0.0
0.0
31.037
0.0
0.0
0.0
0.0
0.0
0.0
0.0
0.0
0.0
0.0
52.792
29.514
0.0
9.838
0.0
0.0
0.0
0.0
0.0
39.307
0.0
0.0
0.0
0.0
0.0
19.657
0.0
0.0
0.0
0.0
43.745
0.0
0.0
0.0
0.0
0.0
0.0
0.0
21.945
0.0
0.0
0.0
0.0
0.0
6.558
0.0
17.309
0.0
0.0
17.309
0.0
4.246
0.0
4.246
0.0
0.0
0.0
0.0
8.767
4.384
0.0
0.0
0.0
5.316
2.658
7.973
0.0
12.263
0.0
0.0
0.0
0.0
5.051
0.0
0.0
5.051
0.0
0.0
0.0
0.0
0.0
0.0
0.0
5.458
0.0
0.0
0.0
8.562
0.0
0.0
0.0
0.0
7.919
0.0
0.0
0.0
0.0
3.376
0.0
0.0
3.376
0.0
0.0
0.0
0.0
13.434
0.0
0.0
1.114
0.0
0.0
0.0
0.0
0.0
0.0
0.0
0.0
0.0
0.0
0.0
0.0
0.0
0.0
0.0
0.0
0.0
0.0
0.0
0.0
0.0
0.0
0.0
0.0
4.622
0.0
0.0
0.0
0.0
0.0
0.879
0.0
0.0
0.0
0.0
0.0
0.0
0.0
0.0
5.284
0.0
0.0
0.0
0.0
0.0
0.0
0.0
0.0
0.0
0.0
0.0
0.0
0.0
0.0
0.0
0.0
0.0
0.0
0.0
0.0
0.0
0.0
7.796
0.0
0.0
0.0
0.0
0.0
0.0
0.0
0.0
0.0
0.0
0.0
0.0
0.0
0.0
0.0
0.0
0.0
0.0
1.301
1.301
2.603
0.0
0.0
0.0
0.0
0.0
4.954
4.954
0.0
0.0
4.954
1.98
1.98
3.961
0.0
1.98
0.0
0.0
11.468
0.0
0.0
0.0
0.0
0.0
3.282
3.282
0.0
0.0
0.0
0.0
0.0
29.507
3.351
10.053
6.702
0.0
13.404
0.0
0.0
0.0
0.0
6.473
0.0
0.0
1.539
0.0
0.0
0.0
16.04
8.02
0.0
0.0
0.0
0.0
0.0
0.0
54.506
0.0
15.779
5.26
10.519
5.26
0.0
0.0
15.959
0.0
5.32
0.0
3.135
0.0
6.27
6.27
13.904
0.0
13.904
13.904
6.952
9.619
0.0
9.619
9.619
0.0
0.0
0.0
0.0
20.031
20.031
6.874
0.0
27.497
6.874
13.748
13.748
0.0
0.0
20.516
6.839
0.0
13.662
13.662
6.831
0.0
6.831
0.0
0.0
0.0
48.033
0.0
20.416
40.832
0.0
0.0
0.0
0.0
0.0
0.0
0.0
0.0
0.0
18.094
0.0
0.0
27.141
0.0
6.584
0.0
0.0
0.0
0.0
0.0
0.0
0.0
0.0
0.0
0.0
0.0
0.0
0.0
0.0
0.0
19.233
9.616
0.0
0.0
48.41
0.0
0.0
0.0
18.651
18.651
0.0
0.0
0.0
12.434
0.0
0.0
0.0
0.0
0.0
0.0
0.0
0.0
0.0
0.0
0.0
0.0
17.808
0.0
0.0
0.0
0.0
0.0
0.0
0.0
0.0
0.0
0.0
0.0
30.643
0.0
0.0
38.917
0.0
0.0
0.0
0.0
0.0
0.0
0.0
0.0
0.0
0.0
0.0
0.0
0.0
0.0
0.0
0.0
0.0
0.0
0.0
0.0
20.78
0.0
6.927
0.0
24.268
0.0
0.0
0.0
0.0
0.0
8.38
0.0
0.0
4.229
0.0
4.229
0.0
0.0
17.705
0.0
0.0
0.0
0.0
0.0
9.849
0.0
0.0
0.0
0.0
9.443
0.0
0.0
0.0
0.0
0.0
0.0
0.0
0.0
0.0
0.0
0.0
0.0
0.0
0.0
9.999
5.0
0.0
9.999
0.0
0.0
0.0
0.0
0.0
13.485
0.0
0.0
47.577
0.0
0.0
0.0
0.0
0.0
0.0
0.0
0.0
0.0
0.0
0.0
0.0
0.0
0.0
0.0
0.0
0.0
0.0
0.0
0.0
0.0
33.785
4.234
0.0
0.0
0.0
0.0
2.103
0.0
0.0
2.103
0.0
3.175
0.0
0.0
0.0
0.0
0.0
0.0
0.0
0.0
0.0
0.0
0.0
0.0
0.0
0.0
0.0
1.444
0.0
1.444
0.0
0.0
0.0
0.0
0.0
3.391
0.0
0.0
0.0
0.0
0.0
0.0
0.0
0.0
0.0
2.857
0.0
0.0
0.0
0.0
0.0
0.0
0.0
0.0
0.0
0.0
4.163
4.163
0.0
0.0
3.75
0.0
0.0
0.0
0.0
0.0
0.0
0.0
10.073
0.0
0.0
5.037
10.073
0.0
0.0
0.0
0.0
0.0
0.0
0.0
0.0
0.0
0.0
6.359
0.0
0.0
0.0
3.525
0.0
0.0
0.0
15.56
0.0
23.34
7.78
0.0
8.866
0.0
13.299
8.866
0.0
4.302
0.0
0.0
4.302
0.0
0.0
0.0
0.0
0.0
0.0
0.0
0.0
0.0
8.328
0.0
8.328
0.0
0.0
0.0
0.0
4.767
0.0
0.0
22.724
0.0
0.0
0.0
0.0
26.751
0.0
0.0
20.597
0.0
0.0
10.299
0.0
0.0
0.0
0.0
11.341
0.0
0.0
8.427
0.0
0.0
0.0
6.477
0.0
25.908
0.0
12.954
0.0
15.336
0.0
7.668
23.004
0.0
0.0
0.0
0.0
0.0
0.0
0.0
0.0
6.548
0.0
0.0
0.0
0.0
0.0
10.25
0.0
0.0
0.0
9.353
18.706
0.0
0.0
0.0
0.0
0.0
0.0
5.477
0.0
0.0
5.477
16.432
41.019
10.255
20.509
20.509
0.0
16.372
0.0
0.0
16.372
8.186
0.0
0.0
0.0
30.131
10.044
35.166
0.0
35.166
0.0
17.583
0.0
0.0
0.0
0.0
0.0
46.556
0.0
46.556
0.0
0.0
0.0
0.0
0.0
0.0
0.0
0.0
29.92
0.0
0.0
0.0
0.0
0.0
0.0
0.0
0.0
0.0
0.0
0.0
0.0
0.0
0.0
0.0
0.0
0.0
0.0
0.0
0.0
0.0
0.0
0.0
0.0
0.0
0.0
0.0
0.0
0.0
0.0
0.0
0.0
0.0
0.0
0.0
0.0
0.0
0.0
35.461
0.0
0.0
0.0
0.0
0.0
0.0
0.0
0.0
0.0
0.0
0.0
0.0
0.0
0.0
0.0
0.0
0.0
0.0
0.0
0.0
0.0
0.0
0.0
0.0
0.0
21.824
0.0
0.0
0.0
0.0
0.0
0.0
0.0
0.0
0.0
0.0
0.0
0.0
0.0
0.0
0.0
0.0
0.0
0.0
0.0
0.0
0.0
0.0
0.0
0.0
0.0
0.0
0.0
0.0
5.148
0.0
0.0
0.0
0.0
0.0
0.0
0.0
0.0
0.0
8.788
0.0
0.0
0.0
0.0
1.695
1.695
1.695
0.0
0.0
0.0
0.0
0.0
0.0
0.0
0.0
0.0
6.136
3.762
0.0
0.0
0.0
0.0
0.0
0.0
0.0
0.0
0.0
0.0
0.0
2.47
0.0
0.0
0.0
0.0
1.091
0.0
1.091
0.0
0.0
0.0
3.818
0.0
0.0
0.0
0.0
0.0
0.0
0.0
0.0
3.42
0.0
0.0
0.0
0.0
0.0
0.0
0.0
16.942
0.0
0.0
0.0
0.0
0.0
0.0
0.0
0.0
0.0
0.0
0.0
0.0
0.0
0.0
0.0
0.0
0.0
0.0
0.0
5.029
2.328
0.0
0.0
0.0
0.0
0.0
0.0
0.0
0.0
0.0
0.0
12.876
0.0
0.0
0.0
0.0
0.0
0.0
0.0
0.0
0.0
0.0
0.0
0.0
0.0
0.0
0.0
0.0
0.0
45.942
0.0
0.0
0.0
0.0
0.0
0.0
0.0
0.0
0.0
0.0
16.884
7.054
0.0
0.0
0.0
0.0
2.038
0.0
4.076
15.694
0.0
0.0
15.694
15.694
0.0
0.0
6.652
19.957
6.652
4.54
0.0
0.0
0.0
13.62
2.58
0.0
0.0
0.0
0.0
0.0
0.0
0.0
0.0
6.259
0.0
3.116
0.0
6.232
0.0
0.0
0.0
0.0
0.0
0.0
7.663
0.0
0.0
0.0
4.471
4.471
0.0
9.803
0.0
0.0
6.536
0.0
0.0
0.0
8.462
0.0
1.801
5.404
3.602
0.0
0.0
0.0
16.712
4.178
0.0
8.356
0.0
10.864
3.621
0.0
0.0
0.0
0.0
9.267
0.0
0.0
0.0
21.414
0.0
0.0
10.707
6.146
0.0
0.0
0.0
0.0
20.622
13.748
0.0
0.0
20.622
0.0
7.086
0.0
0.0
21.257
0.0
0.0
28.881
0.0
14.44
14.44
0.0
0.0
0.0
16.544
0.0
45.506
0.0
0.0
0.0
34.129
31.506
0.0
0.0
0.0
15.753
0.0
0.0
0.0
0.0
0.0
23.12
23.12
0.0
23.12
23.12
0.0
0.0
0.0
0.0
0.0
0.0
0.0
0.0
0.0
0.0
0.0
0.0
0.0
0.0
0.0
0.0
0.0
0.0
0.0
0.0
0.0
0.0
0.0
0.0
0.0
0.0
0.0
0.0
0.0
0.0
0.0
0.0
0.0
0.0
11.309
0.0
0.0
0.0
0.0
0.0
0.0
0.0
0.0
0.0
0.0
52.599
0.0
0.0
0.0
0.0
0.0
0.0
0.0
0.0
0.0
0.0
0.0
0.0
0.0
0.0
0.0
0.0
0.0
12.44
0.0
0.0
0.0
5.742
0.0
0.0
5.742
5.742
0.0
0.0
39.893
0.0
13.298
0.0
0.0
8.162
16.324
0.0
0.0
0.0
2.948
0.0
2.948
0.0
0.0
7.45
0.0
0.0
0.0
9.381
0.0
0.0
18.763
5.752
0.0
0.0
0.0
0.0
0.0
5.79
0.0
0.0
17.369
0.0
0.0
0.0
0.0
0.0
3.75
0.0
0.0
0.0
3.75
0.0
12.278
0.0
0.0
0.0
0.0
0.0
8.453
16.905
0.0
0.0
0.0
0.0
0.0
0.0
0.0
8.842
0.0
0.0
0.0
0.0
19.04
9.52
0.0
0.0
0.0
0.0
6.263
0.0
0.0
0.0
0.0
0.0
0.0
0.0
3.282
0.0
0.0
0.0
0.0
0.0
0.0
0.0
0.0
0.0
0.0
0.0
0.0
0.0
0.0
0.0
0.0
0.0
0.0
0.0
0.0
0.0
0.0
0.0
0.0
14.322
0.0
0.0
0.0
0.0
0.0
0.0
1.491
2.983
0.0
0.0
0.0
0.0
0.0
0.0
0.0
0.0
0.0
0.0
0.0
0.0
0.0
0.0
0.0
0.0
0.0
0.0
0.0
4.772
0.0
0.0
0.0
0.0
0.0
0.0
6.497
0.0
0.0
0.0
0.0
0.0
0.0
19.388
0.0
0.0
0.0
0.0
13.112
0.0
9.025
13.538
0.0
0.0
0.0
9.129
36.514
0.0
9.129
5.912
0.0
0.0
4.544
2.272
0.0
0.0
2.272
0.0
0.0
4.286
0.0
2.143
4.304
4.304
0.0
0.0
4.304
0.0
0.0
6.473
0.0
0.0
0.0
8.366
0.0
0.0
0.0
2.859
0.0
0.0
0.0
5.718
0.0
0.0
0.0
9.306
4.653
0.0
0.0
0.0
0.0
9.688
9.688
0.0
0.0
2.931
0.0
0.0
0.0
7.783
7.783
0.0
0.0
0.0
0.0
6.282
3.141
6.282
0.0
0.0
6.331
12.662
6.331
0.0
6.667
0.0
20.002
0.0
0.0
0.0
11.059
11.059
0.0
0.0
0.0
0.0
41.054
0.0
0.0
0.0
0.0
31.301
0.0
6.031
6.031
0.0
0.0
6.031
0.0
8.187
8.187
0.0
8.187
0.0
4.475
0.0
0.0
8.949
4.475
0.0
8.462
4.231
12.692
0.0
0.0
30.245
0.0
0.0
0.0
0.0
0.0
10.636
5.318
0.0
0.0
0.0
10.127
30.38
0.0
0.0
10.5
0.0
0.0
10.5
0.0
0.0
34.088
0.0
0.0
0.0
0.0
0.0
12.777
38.332
0.0
0.0
0.0
0.0
15.286
0.0
0.0
20.261
0.0
0.0
25.533
0.0
0.0
0.0
0.0
0.0
0.0
0.0
0.0
0.0
0.0
0.0
0.0
0.0
7.369
0.0
0.0
0.0
0.0
0.0
0.0
0.0
0.0
8.317
0.0
0.0
0.0
0.0
0.0
0.0
0.0
0.0
0.0
0.0
0.0
0.0
7.678
8.617
0.0
0.0
0.0
6.124
0.0
0.0
0.0
0.0
0.0
0.0
0.0
0.0
0.0
0.0
0.0
0.0
0.0
0.0
0.0
0.0
0.0
0.0
0.0
8.603
0.0
0.0
0.0
0.0
0.0
15.907
7.953
0.0
7.953
7.953
0.0
0.0
0.0
0.0
0.0
0.0
0.0
0.0
0.0
0.0
0.0
11.882
0.0
0.0
0.0
0.0
0.0
4.947
4.947
0.0
0.0
20.69
6.897
13.794
20.69
10.226
10.226
0.0
0.0
0.0
10.226
0.0
0.0
0.0
0.0
0.0
0.0
0.0
0.0
0.0
0.0
0.0
1.14
0.0
0.0
0.0
0.0
0.0
0.0
0.0
0.0
0.0
0.0
0.0
14.553
0.0
0.0
0.0
0.0
0.0
0.0
0.0
0.0
0.0
0.0
0.0
0.0
0.0
0.0
0.0
0.0
0.0
0.0
0.0
0.0
0.0
0.0
0.0
0.0
2.719
0.0
0.0
0.0
0.0
0.0
0.0
0.0
0.0
0.0
7.232
0.0
0.0
0.0
0.0
0.0
0.0
0.0
0.0
0.0
0.0
0.0
0.0
0.0
0.0
0.0
0.0
0.0
0.0
0.0
0.0
0.0
0.0
0.0
17.44
0.0
0.0
0.0
0.0
0.0
0.0
0.0
0.0
0.0
0.0
2.544
0.0
0.0
5.088
0.0
0.0
0.0
0.0
0.0
0.0
0.0
0.0
0.0
0.0
0.0
0.0
11.804
23.609
0.0
8.949
0.0
8.949
0.0
0.0
2.485
0.0
2.485
2.485
0.0
0.0
0.0
1.945
3.891
0.0
0.0
0.0
0.0
0.0
0.0
0.0
0.0
0.0
5.062
0.0
3.663
1.831
0.0
0.0
0.0
0.0
0.0
4.985
4.985
4.612
4.612
4.612
0.0
9.225
0.0
0.0
5.44
10.88
5.44
0.0
3.236
0.0
0.0
6.471
6.471
0.0
0.0
0.0
0.0
0.0
5.273
13.182
0.0
2.636
5.273
0.0
0.0
0.0
0.0
15.291
0.0
0.0
0.0
0.0
0.0
0.0
0.0
6.816
20.448
0.0
0.0
0.0
5.891
5.891
0.0
0.0
0.0
17.826
17.826
0.0
7.596
0.0
0.0
15.191
0.0
3.609
0.0
0.0
0.0
10.827
23.296
0.0
0.0
0.0
15.531
0.0
0.0
17.232
8.616
0.0
8.616
0.0
0.0
0.0
0.0
0.0
0.0
26.72
0.0
0.0
0.0
0.0
25.337
0.0
0.0
0.0
19.157
0.0
0.0
28.736
0.0
0.0
0.0
0.0
0.0
0.0
28.952
0.0
0.0
0.0
0.0
0.0
0.0
0.0
0.0
0.0
0.0
0.0
0.0
0.0
0.0
0.0
0.0
0.0
0.0
0.0
0.0
0.0
0.0
0.0
0.0
0.0
0.0
0.0
0.0
0.0
0.0
0.0
0.0
0.0
0.0
0.0
0.0
0.0
6.985
0.0
0.0
0.0
0.0
0.0
0.0
0.0
0.0
0.0
0.0
12.637
0.0
0.0
8.828
7.466
0.0
0.0
0.0
0.0
7.911
0.0
0.0
0.0
0.0
0.0
0.0
0.0
0.0
0.0
0.0
0.0
0.0
0.0
0.0
0.0
0.0
0.0
0.0
0.0
0.0
0.0
0.0
0.0
0.0
0.0
0.0
0.0
0.0
0.0
45.379
0.0
0.0
0.0
0.0
0.0
0.0
0.0
4.861
0.0
0.0
0.0
0.0
7.555
0.0
0.0
0.0
0.0
0.0
0.0
0.0
0.0
6.911
6.911
0.0
0.0
0.0
21.493
10.746
0.0
0.0
0.0
4.614
4.614
0.0
0.0
0.0
0.0
4.741
0.0
0.0
0.0
0.0
14.134
0.0
7.257
7.257
0.0
0.0
0.0
0.0
0.0
0.0
0.0
3.698
10.591
0.0
0.0
0.0
0.0
7.705
0.0
0.0
0.0
0.0
0.0
0.0
3.536
0.0
0.0
0.0
6.811
0.0
0.0
0.0
0.0
0.0
0.0
0.0
0.0
0.0
0.0
0.0
0.0
0.993
0.0
0.0
0.0
0.0
0.0
0.0
5.188
0.0
0.0
0.0
0.0
0.0
0.0
0.0
0.0
0.0
0.0
0.0
0.0
0.0
0.0
0.0
0.0
0.0
0.0
0.0
0.0
0.0
0.0
0.0
0.0
0.0
10.54
10.54
0.0
0.0
4.982
0.0
4.982
0.0
0.0
0.0
0.0
0.0
0.0
0.0
0.0
0.0
4.622
4.622
0.0
0.0
0.0
0.0
0.0
0.0
0.0
0.0
0.0
7.794
0.0
0.0
0.0
0.0
0.0
0.0
12.081
0.0
0.0
0.0
0.0
0.0
3.909
7.819
11.728
0.0
0.0
0.0
8.985
0.0
0.0
0.0
0.781
0.0
0.0
4.018
0.0
0.0
4.018
2.009
6.379
0.0
0.0
3.189
0.0
4.145
4.145
8.289
0.0
0.0
4.145
8.713
4.356
0.0
0.0
0.0
2.186
0.0
4.373
4.373
0.0
0.0
0.0
1.423
0.0
1.423
0.0
0.0
0.0
0.0
6.891
2.528
2.528
5.057
0.0
0.0
6.917
0.0
0.0
0.0
0.0
14.563
0.0
0.0
4.854
0.0
5.764
2.882
5.764
0.0
0.0
0.0
0.0
6.653
0.0
6.653
4.984
0.0
4.984
4.984
0.0
3.73
3.73
3.73
0.0
0.0
2.492
8.697
0.0
0.0
3.739
1.246
9.758
9.758
19.516
0.0
0.0
13.816
3.454
0.0
10.362
3.454
0.0
0.0
0.0
0.0
8.735
0.0
0.0
0.0
0.0
0.0
0.0
0.0
0.0
0.0
0.0
0.0
5.198
0.0
0.0
0.0
0.0
0.0
0.0
0.0
28.926
0.0
0.0
0.0
0.0
0.0
0.0
0.0
0.0
0.0
0.0
0.0
0.0
0.0
0.0
0.0
0.0
0.0
0.0
0.0
0.0
0.0
0.0
0.0
0.0
0.0
0.0
0.0
0.0
0.0
0.0
0.0
0.0
18.278
0.0
0.0
0.0
0.0
0.0
0.0
0.0
0.0
0.0
0.0
0.0
0.0
0.0
0.0
0.0
0.0
0.0
0.0
0.0
0.0
0.0
0.0
0.0
0.0
0.0
0.0
0.0
0.0
0.0
0.0
0.0
19.334
0.0
0.0
0.0
0.0
0.0
0.0
0.0
0.0
0.0
0.0
0.0
0.0
0.0
0.0
23.244
0.0
0.0
0.0
0.0
0.0
0.0
0.0
0.0
0.0
11.267
11.267
0.0
3.193
0.0
0.0
0.0
0.0
2.263
0.0
0.0
0.0
0.0
0.0
0.0
0.0
0.0
0.0
0.0
0.0
0.0
0.0
0.0
0.0
0.0
0.0
5.037
0.0
0.0
6.549
6.549
0.0
0.0
0.0
0.0
0.0
0.0
0.0
0.0
0.0
0.0
0.0
0.0
0.0
0.0
0.0
0.0
2.089
0.0
0.0
0.0
6.134
6.134
0.0
0.0
0.0
0.0
0.0
8.485
0.0
0.0
3.718
7.436
0.0
0.0
8.723
4.361
0.0
0.0
0.0
0.0
3.267
6.534
0.0
0.0
0.0
0.0
0.0
0.0
0.0
0.0
0.0
0.0
0.0
0.0
0.0
0.0
4.025
8.049
0.0
0.0
1.284
0.0
0.0
0.0
0.0
0.0
0.0
0.0
0.0
0.0
0.0
0.0
0.0
0.0
0.0
0.0
0.0
0.0
0.0
0.0
0.0
2.598
0.0
2.598
0.0
0.0
0.0
0.0
0.0
9.479
0.0
0.0
0.0
0.0
0.0
0.0
0.0
0.0
5.323
5.323
0.0
0.0
10.353
10.353
0.0
3.863
0.0
0.0
0.0
3.863
0.0
0.0
0.0
0.0
23.909
0.0
0.0
0.0
0.0
0.0
0.0
0.0
0.0
29.786
0.0
0.0
0.0
7.447
0.0
0.0
0.0
0.0
0.0
0.0
5.597
0.0
0.0
0.0
0.0
0.0
0.0
2.917
0.0
0.0
9.937
14.905
0.0
0.0
14.905
0.0
0.0
11.893
0.0
0.0
0.0
0.0
1.543
0.0
0.0
12.049
0.0
12.049
0.0
0.0
0.0
0.0
3.565
0.0
3.565
4.583
0.0
4.583
9.166
0.0
0.0
0.0
0.0
4.856
2.428
0.0
0.0
0.0
0.0
0.0
8.827
4.413
6.62
0.0
0.0
0.0
2.478
2.478
4.956
7.434
0.0
0.0
0.0
5.064
10.128
4.315
0.0
4.315
0.0
0.0
0.0
14.413
0.0
21.62
7.207
0.0
18.513
0.0
0.0
0.0
37.025
16.739
16.739
0.0
16.739
0.0
0.0
10.896
0.0
0.0
0.0
0.0
0.0
0.0
0.0
0.0
0.0
0.0
0.0
0.0
0.0
0.0
0.0
0.0
20.49
0.0
0.0
14.67
0.0
22.005
22.005
0.0
0.0
0.0
0.0
0.0
0.0
0.0
0.0
0.0
0.0
40.691
0.0
0.0
0.0
0.0
0.0
0.0
0.0
0.0
0.0
0.0
0.0
0.0
0.0
0.0
0.0
0.0
0.0
0.0
0.0
0.0
0.0
0.0
0.0
0.0
0.0
0.0
0.0
0.0
0.0
0.0
0.0
0.0
0.0
0.0
0.0
0.0
0.0
0.0
0.0
0.0
94.886
0.0
0.0
0.0
0.0
0.0
0.0
0.0
0.0
0.0
0.0
0.0
0.0
7.097
7.097
0.0
0.0
0.0
0.0
0.0
0.0
0.0
25.094
0.0
0.0
25.094
0.0
0.0
0.0
0.0
0.0
23.277
0.0
0.0
0.0
0.0
0.0
0.0
8.076
0.0
0.0
0.0
0.0
0.0
0.0
0.0
0.0
0.0
0.0
0.0
0.0
0.0
0.0
0.0
14.051
0.0
0.0
0.0
0.0
0.0
25.374
0.0
0.0
0.0
0.0
0.0
0.0
0.0
0.0
0.0
6.538
13.076
0.0
0.0
0.0
0.0
0.0
0.0
0.0
0.0
0.0
6.691
0.0
0.0
8.127
0.0
0.0
0.0
0.0
0.0
0.0
0.0
0.0
0.0
0.0
0.0
0.0
0.0
0.0
0.0
0.0
0.0
0.0
0.0
0.0
5.257
0.0
5.871
0.0
0.0
0.0
0.0
0.0
0.0
0.0
0.0
7.085
3.337
0.0
0.0
0.0
0.0
0.0
0.0
0.0
0.0
0.0
0.0
0.0
0.0
0.0
0.0
0.0
0.0
0.0
0.0
0.0
0.0
0.0
0.0
0.0
0.0
0.0
0.0
0.0
0.0
0.0
0.0
0.0
1.712
0.0
3.425
3.425
2.495
0.0
0.0
0.0
0.0
2.495
0.0
0.0
0.0
0.0
0.0
0.0
5.397
0.0
0.0
0.0
8.912
8.912
0.0
0.0
0.0
0.0
11.457
0.0
22.915
0.0
0.0
0.0
6.439
0.0
0.0
0.0
0.0
0.0
0.0
0.0
0.0
0.0
3.584
2.941
0.0
0.0
0.0
0.0
0.0
13.135
6.567
19.702
0.0
35.204
7.041
14.082
0.0
7.041
0.0
9.671
0.0
0.0
29.014
0.0
0.0
11.892
0.0
11.892
5.946
4.535
0.0
0.0
0.0
0.0
0.0
0.0
0.0
13.251
0.0
9.512
19.024
0.0
0.0
0.0
0.0
0.0
0.0
0.0
0.0
0.0
0.0
3.197
3.197
3.197
5.923
0.0
8.884
0.0
2.961
2.738
0.0
2.738
2.738
8.215
10.718
0.0
0.0
0.0
0.0
0.0
0.0
6.557
6.557
0.0
0.0
0.0
0.0
15.278
0.0
0.0
4.371
13.113
0.0
4.371
0.0
0.0
5.516
5.516
0.0
11.033
0.0
24.874
16.582
16.582
33.165
0.0
16.465
0.0
0.0
8.233
0.0
0.0
0.0
23.462
0.0
0.0
0.0
0.0
0.0
26.984
0.0
0.0
0.0
0.0
0.0
0.0
0.0
0.0
0.0
0.0
0.0
0.0
0.0
0.0
0.0
0.0
0.0
0.0
0.0
41.653
10.747
0.0
0.0
0.0
0.0
0.0
0.0
0.0
0.0
0.0
0.0
0.0
0.0
0.0
0.0
0.0
0.0
0.0
0.0
0.0
0.0
0.0
4.384
0.0
0.0
6.139
0.0
0.0
0.0
0.0
0.0
0.0
0.0
0.0
0.0
0.0
0.0
0.0
0.0
0.0
6.811
0.0
0.0
0.0
0.0
0.0
0.0
0.0
0.0
0.0
0.0
0.0
0.0
0.0
0.0
0.0
0.0
0.0
0.0
0.0
0.0
0.0
0.0
0.0
0.0
0.0
0.0
0.0
0.0
0.0
0.0
0.0
0.0
0.0
0.0
0.0
0.0
0.0
0.0
13.327
0.0
13.327
0.0
0.0
0.0
0.0
0.0
0.0
15.394
0.0
0.0
0.0
0.0
0.0
0.0
18.179
0.0
0.0
0.0
0.0
0.0
7.142
13.946
0.0
0.0
0.0
0.0
0.0
0.0
0.0
9.76
4.88
0.0
0.0
0.0
0.0
0.0
0.0
0.0
19.007
0.0
0.0
0.0
5.035
5.035
0.0
0.0
0.0
0.0
0.0
0.0
0.0
0.0
0.0
0.0
2.37
0.0
0.0
0.0
0.0
0.0
0.0
0.0
0.0
0.0
0.0
0.0
0.0
0.0
0.0
0.0
0.0
0.0
0.0
0.0
0.0
0.0
0.0
0.0
0.0
0.0
0.0
0.0
0.0
0.0
0.0
0.0
0.0
0.0
0.0
0.0
0.0
0.0
0.0
0.0
0.0
0.0
0.0
2.515
0.0
0.0
0.0
0.0
0.0
0.0
0.0
0.0
0.0
0.0
0.0
0.0
3.643
0.0
0.0
0.0
0.0
0.0
0.0
0.0
0.0
0.0
0.0
0.0
0.0
0.0
0.0
0.0
0.0
0.0
0.0
0.0
0.0
0.0
0.0
0.0
0.0
0.0
0.0
0.0
0.0
0.0
0.0
0.0
0.0
0.0
0.0
0.0
0.0
0.0
0.0
10.367
0.0
0.0
0.0
12.814
0.0
0.0
0.0
25.629
4.509
0.0
0.0
0.0
0.0
0.0
8.969
8.969
35.877
0.0
0.0
22.52
22.52
12.868
0.0
10.495
0.0
0.0
15.742
0.0
0.0
30.933
10.311
0.0
30.933
10.311
0.0
10.643
0.0
0.0
0.0
3.55
0.0
0.0
1.775
1.775
0.0
0.0
0.0
0.0
8.354
0.0
3.859
0.0
0.0
0.0
0.0
0.0
0.0
0.0
0.0
0.0
0.0
4.443
2.221
0.0
0.0
0.0
12.795
0.0
0.0
16.678
0.0
0.0
0.0
0.0
0.0
12.814
0.0
0.0
12.814
0.0
0.0
0.0
0.0
0.0
21.829
32.743
21.829
0.0
0.0
0.0
0.0
8.617
17.234
0.0
0.0
0.0
0.0
7.886
0.0
15.772
0.0
6.231
0.0
12.463
18.694
8.051
24.154
0.0
0.0
8.051
0.0
0.0
0.0
17.691
0.0
0.0
0.0
0.0
0.0
0.0
0.0
0.0
0.0
0.0
0.0
0.0
0.0
0.0
0.0
0.0
0.0
0.0
0.0
0.0
0.0
0.0
0.0
0.0
0.0
0.0
0.0
0.0
0.0
0.0
0.0
0.0
0.0
22.676
0.0
0.0
0.0
0.0
0.0
0.0
0.0
0.0
0.0
0.0
0.0
0.0
0.0
0.0
0.0
0.0
0.0
0.0
0.0
0.0
0.0
0.0
0.0
0.0
0.0
0.0
0.0
0.0
0.0
0.0
0.0
0.0
0.0
0.0
0.0
0.0
0.0
28.379
0.0
0.0
0.0
0.0
0.0
0.0
0.0
0.0
0.0
0.0
0.0
19.645
0.0
19.645
0.0
0.0
0.0
0.0
0.0
0.0
31.824
0.0
0.0
0.0
0.0
0.0
0.0
0.0
0.0
0.0
0.0
0.0
14.968
0.0
0.0
0.0
0.0
0.0
0.0
18.892
0.0
0.0
0.0
0.0
6.199
6.199
0.0
0.0
0.0
8.967
0.0
0.0
0.0
10.001
0.0
10.001
0.0
9.831
0.0
9.831
0.0
19.663
0.0
6.823
0.0
0.0
0.0
0.0
0.0
13.432
0.0
0.0
0.0
0.0
0.0
0.0
7.854
0.0
0.0
9.335
0.0
0.0
0.0
22.662
0.0
0.0
0.0
11.727
23.455
11.727
0.0
11.727
0.0
3.051
3.051
0.0
6.103
0.0
0.0
0.0
0.0
3.77
0.0
0.0
0.0
4.62
4.62
0.0
2.686
0.0
0.0
0.0
0.0
0.0
0.0
0.0
0.0
0.0
0.0
0.0
0.0
0.0
0.0
0.0
0.0
0.0
0.0
0.0
0.0
0.0
2.804
0.0
0.0
0.0
0.0
0.0
0.0
0.0
0.0
0.0
0.0
0.0
2.365
5.956
5.956
5.956
0.0
0.0
0.0
0.0
0.0
0.0
0.0
12.277
4.989
0.0
0.0
0.0
0.0
0.0
0.0
0.0
0.0
0.0
0.0
4.278
12.834
0.0
0.0
0.0
0.0
0.0
0.0
0.0
0.0
0.0
0.0
0.0
0.0
5.107
0.0
0.0
0.0
0.0
2.456
2.456
0.0
8.008
0.0
0.0
0.0
8.008
3.654
3.654
0.0
0.0
0.0
0.0
0.0
0.0
0.0
8.267
10.487
0.0
0.0
0.0
0.0
0.0
0.0
0.0
0.0
2.587
5.173
0.0
0.0
6.804
13.609
0.0
0.0
0.0
18.409
12.273
0.0
0.0
0.0
0.0
23.501
4.7
15.131
0.0
7.566
0.0
15.131
8.223
0.0
0.0
0.0
16.447
0.0
0.0
0.0
0.0
0.0
5.41
0.0
0.0
21.64
10.82
0.0
15.288
0.0
7.644
0.0
3.669
0.0
0.0
3.669
3.669
32.156
10.719
0.0
0.0
0.0
21.319
0.0
0.0
0.0
0.0
0.0
0.0
0.0
0.0
21.236
0.0
0.0
0.0
4.984
4.984
4.984
5.05
0.0
5.05
0.0
5.05
4.7
23.499
0.0
4.7
0.0
27.647
13.824
0.0
0.0
0.0
0.0
0.0
21.335
10.668
0.0
60.531
0.0
0.0
0.0
0.0
10.113
10.113
0.0
10.113
0.0
0.0
0.0
0.0
0.0
0.0
0.0
0.0
0.0
0.0
0.0
0.0
0.0
0.0
0.0
0.0
0.0
28.594
0.0
0.0
0.0
0.0
0.0
0.0
0.0
0.0
0.0
7.764
0.0
0.0
0.0
0.0
0.0
0.0
0.0
0.0
0.0
0.0
0.0
0.0
0.0
0.0
0.0
0.0
0.0
0.0
0.0
0.0
0.0
0.0
0.0
35.971
0.0
0.0
0.0
0.0
0.0
0.0
0.0
0.0
0.0
0.0
0.0
0.0
0.0
0.0
0.0
0.0
11.859
0.0
0.0
0.0
0.0
0.0
0.0
0.0
0.0
0.0
0.0
0.0
0.0
0.0
0.0
20.35
0.0
0.0
10.175
0.0
0.0
0.0
0.0
0.0
0.0
8.302
8.302
0.0
0.0
0.0
0.0
9.751
0.0
0.0
0.0
5.639
0.0
5.639
5.639
0.0
3.141
0.0
0.0
0.0
0.0
0.0
10.182
5.091
5.091
0.0
0.0
5.448
0.0
0.0
0.0
5.448
0.0
0.0
0.0
0.0
0.0
0.0
0.0
2.97
5.94
2.97
4.714
0.0
4.714
0.0
0.0
0.0
16.9
16.9
0.0
8.45
0.0
0.0
0.0
0.0
0.0
0.0
2.157
0.0
0.0
0.0
0.0
13.136
0.0
6.568
0.0
0.0
0.0
0.0
0.0
0.0
0.0
0.0
0.0
0.0
0.0
3.856
0.0
0.0
0.0
0.0
0.0
0.0
0.0
0.0
0.0
0.0
0.0
0.0
0.0
0.0
0.0
0.0
0.0
0.0
0.0
0.0
0.0
0.0
0.0
0.0
0.0
0.0
0.0
0.0
0.0
0.0
0.0
0.0
0.0
0.0
7.899
0.0
0.0
0.0
0.0
0.0
0.0
0.0
0.0
0.0
0.0
0.0
0.0
4.461
0.0
0.0
0.0
0.0
0.0
2.186
0.0
2.186
0.0
0.0
0.0
0.0
9.883
0.0
0.0
0.0
14.081
0.0
11.046
0.0
0.0
0.0
0.0
0.0
3.245
0.0
0.0
0.0
0.0
0.0
3.175
0.0
0.0
0.0
0.0
0.0
2.786
2.786
2.786
0.0
0.0
0.0
0.0
7.707
11.561
0.0
0.0
0.0
0.0
0.0
9.512
0.0
0.0
1.665
0.0
0.0
0.0
0.0
11.276
5.638
0.0
8.457
0.0
0.0
0.0
0.0
0.0
0.0
0.0
0.0
0.0
8.789
0.0
0.0
0.0
0.0
2.987
0.0
0.0
0.0
0.0
0.0
0.0
0.0
8.778
8.778
4.389
8.619
0.0
25.856
0.0
8.619
42.866
0.0
25.719
0.0
0.0
0.0
17.917
0.0
0.0
0.0
0.0
0.0
4.576
0.0
9.152
0.0
0.0
0.0
0.0
0.0
0.0
0.0
5.326
0.0
0.0
0.0
17.452
0.0
0.0
17.452
0.0
0.0
0.0
6.036
0.0
6.036
0.0
0.0
13.799
13.799
0.0
13.077
0.0
0.0
0.0
0.0
0.0
0.0
5.577
0.0
5.577
7.723
0.0
0.0
0.0
0.0
0.0
0.0
0.0
0.0
0.0
0.0
4.979
0.0
0.0
0.0
0.0
0.0
0.0
0.0
0.0
0.0
0.0
0.0
0.0
0.0
5.093
0.0
0.0
0.0
0.0
0.0
0.0
0.0
0.0
0.0
0.0
0.0
0.0
0.0
0.0
0.0
0.0
0.0
0.0
0.0
0.0
0.084
0.365
1.028
1.872
4.087
37.989
12.663
0.0
0.0
0.0
0.0
0.0
0.0
0.0
0.0
0.0
0.0
0.0
0.0
0.0
0.0
16.852
0.0
0.0
0.0
0.0
17.752
0.0
17.752
0.0
0.0
0.0
0.0
16.68
0.0
0.0
0.0
25.513
0.0
0.0
0.0
0.0
9.576
0.0
0.0
0.0
28.133
0.0
0.0
0.0
0.0
0.0
0.0
24.088
0.0
0.0
4.379
4.379
0.0
0.0
4.379
6.661
0.0
0.0
6.661
0.0
0.0
8.116
2.705
8.116
0.0
0.0
7.505
0.0
11.258
3.753
0.0
8.326
0.0
0.0
0.0
4.163
11.645
0.0
0.0
0.0
0.0
0.0
0.0
0.0
0.0
6.711
0.0
3.302
6.604
6.604
3.302
0.0
0.0
0.0
5.262
0.0
3.539
7.079
3.539
0.0
0.0
0.0
5.757
0.0
0.0
0.0
0.0
0.0
0.0
0.0
0.0
0.0
0.0
0.0
0.0
0.0
0.0
0.0
7.45
0.0
0.0
0.016
0.132
1.534
0.0
0.0
0.0
0.0
0.0
0.0
0.0
0.0
0.0
0.0
0.0
0.0
0.0
0.0
3.355
0.0
0.0
0.0
0.0
0.0
0.0
0.0
0.0
3.965
0.0
0.0
0.0
3.965
0.0
0.0
0.0
0.0
0.0
0.0
0.0
0.0
0.0
0.0
0.0
0.0
12.381
0.0
0.0
0.0
4.906
0.0
0.0
2.453
0.0
0.0
0.0
0.0
0.0
0.0
0.0
0.0
0.0
15.626
0.0
0.0
3.758
0.0
7.517
3.758
1.229
1.229
0.0
12.858
0.0
0.0
0.0
0.0
7.342
0.0
0.0
0.0
0.0
10.665
0.0
0.0
0.0
9.332
0.0
10.472
0.0
0.0
0.0
15.082
7.541
0.0
0.0
0.0
0.0
3.123
0.0
0.0
0.0
0.0
0.0
0.0
7.599
0.0
7.599
0.0
7.589
3.794
0.0
0.0
5.642
0.0
11.284
5.642
2.821
0.0
0.0
0.0
2.576
0.0
0.133
1.623
0.124
18.271
0.0
13.326
0.0
0.0
0.0
0.0
8.004
0.0
0.0
8.004
0.0
0.0
16.514
0.0
16.514
8.257
14.241
0.0
21.361
14.241
7.12
5.781
0.0
0.0
0.0
11.562
0.0
4.135
0.0
12.405
4.135
0.0
31.007
0.0
20.672
10.336
0.0
0.0
0.0
0.0
4.825
4.825
15.048
45.143
0.0
0.0
0.0
0.761
1.057
2.681
11.529
7.532
0.0
0.0
0.0
0.0
0.0
0.0
18.833
18.833
18.833
18.833
0.0
0.0
0.0
0.0
0.0
0.0
0.0
0.0
0.0
0.0
0.0
0.0
19.444
0.0
0.0
10.406
0.0
0.0
0.0
10.406
0.0
0.0
7.942
23.826
7.942
0.0
0.0
0.0
0.0
0.0
0.0
0.0
0.0
0.0
0.0
0.0
0.0
0.0
0.0
0.0
0.0
0.0
0.0
0.0
0.0
0.0
0.0
0.0
0.0
0.0
0.0
0.0
0.0
0.0
0.0
0.0
0.0
0.0
0.0
0.0
0.0
0.0
0.0
0.0
0.0
13.309
13.309
11.609
0.0
0.0
0.0
0.0
0.0
0.0
0.0
0.0
0.0
0.0
0.0
0.0
13.222
0.0
0.0
14.384
0.0
0.0
0.0
0.0
0.0
0.0
0.0
0.0
0.0
26.759
0.0
0.0
0.0
8.736
4.368
4.368
8.736
0.0
0.0
0.0
0.0
0.0
15.917
0.0
4.654
0.0
0.0
4.654
0.0
0.0
11.961
0.0
0.0
0.0
0.0
0.0
0.0
0.0
0.0
13.603
27.207
0.0
0.0
0.0
0.0
3.272
0.0
0.0
0.0
5.778
0.0
0.0
0.0
11.556
0.136
2.14
2.822
6.553
1.032
0.0
0.0
0.0
0.0
0.0
31.44
0.0
0.0
0.0
0.0
0.0
0.0
0.0
0.0
0.0
4.023
16.092
0.0
0.0
0.0
0.0
0.0
0.0
0.0
0.0
0.0
0.0
0.0
0.0
0.0
0.0
0.0
0.0
0.0
0.0
0.0
0.0
0.0
0.0
0.0
0.0
0.0
0.0
0.0
0.0
0.0
0.0
0.0
0.0
0.0
0.0
0.0
0.0
0.0
0.0
0.0
0.0
0.0
4.473
4.473
0.0
0.0
0.0
0.0
0.0
0.0
0.0
0.0
0.0
0.0
0.0
0.0
0.0
0.0
0.0
0.0
0.0
0.0
0.0
0.0
0.0
0.0
0.0
0.0
0.0
0.0
0.0
0.0
0.0
0.0
0.0
0.0
0.0
0.0
1.81
3.62
0.0
0.0
0.0
0.0
0.0
2.844
0.0
2.188
2.188
0.0
0.0
0.0
11.379
0.0
3.793
5.402
5.402
0.0
5.402
0.0
13.864
0.0
0.0
0.0
0.0
0.0
0.0
0.0
0.0
0.0
0.0
0.0
0.0
17.867
0.0
0.0
0.0
0.0
5.678
0.0
0.0
3.768
0.0
0.0
7.535
0.0
0.0
0.0
0.0
0.0
0.0
7.577
7.577
0.0
3.789
3.789
2.41
4.82
0.0
4.82
0.0
0.0
7.925
0.0
0.0
0.0
28.048
0.0
0.0
0.0
9.349
0.0
0.0
26.507
0.0
0.0
0.0
4.959
4.959
9.918
14.877
16.794
0.0
0.0
0.0
16.794
0.0
0.0
0.0
12.766
6.383
7.759
3.062
7.767
5.426
9.13
0.0
11.544
34.631
0.0
11.544
11.544
15.289
5.454
6.182
13.342
0.0
0.0
9.934
0.0
9.934
29.803
12.558
7.773
20.999
6.123
3.611
0.0
0.0
29.287
0.0
0.0
14.326
0.0
0.0
0.0
0.0
0.0
0.0
0.0
0.0
0.0
0.0
0.0
0.0
28.594
0.0
0.0
0.0
0.0
0.0
0.0
0.0
0.0
0.0
0.0
0.0
0.061
0.439
0.308
0.31
0.916
0.0
0.0
0.0
0.0
0.0
0.0
0.0
0.0
0.0
0.0
0.0
7.179
0.0
0.0
0.0
0.0
0.0
0.0
0.0
0.0
0.0
0.0
0.0
0.0
0.0
5.221
0.0
0.0
0.0
0.0
0.0
0.0
0.0
0.0
0.0
0.0
0.0
4.838
0.0
0.0
0.0
0.0
0.0
0.0
0.0
0.0
0.0
0.0
0.0
0.0
0.0
0.0
0.0
0.0
21.955
0.0
21.955
5.424
2.965
0.072
17.294
0.988
0.0
0.0
0.0
0.0
0.0
0.0
0.0
0.0
0.0
0.0
0.0
0.0
0.0
0.0
0.0
8.124
8.124
0.0
8.124
32.496
8.447
0.0
8.447
0.0
0.0
0.0
0.0
0.0
0.0
6.518
0.0
0.0
0.0
0.0
8.351
2.092
4.269
2.599
1.008
0.243
1.584
0.0
3.106
3.106
0.0
0.0
0.0
0.0
10.59
0.0
0.0
0.0
0.0
0.0
0.0
0.0
8.665
0.0
0.0
0.0
8.665
0.0
0.0
0.0
0.0
6.266
0.0
3.116
0.0
0.0
0.0
0.0
0.0
0.0
0.0
0.0
0.0
1.537
0.0
0.0
0.0
0.0
2.745
0.0
1.373
2.745
3.197
1.599
0.0
0.0
0.0
3.361
0.0
1.68
3.361
0.0
0.0
0.0
0.0
0.0
0.0
0.0
