19830101
0.0
0.0
0.0
0.0
0.0
0.0
0.0
0.0
0.0
0.0
0.0
0.0
0.0
0.0
0.0
0.0
0.0
0.0
0.0
0.0
0.0
0.0
0.0
0.0
0.0
0.0
0.0
0.0
0.0
2.798
2.798
0.0
0.0
0.0
0.0
0.0
0.0
0.0
0.0
0.0
0.0
0.0
0.0
0.0
0.0
0.0
0.0
0.0
0.0
0.0
7.763
0.0
0.0
0.0
0.0
3.037
0.0
2.505
0.0
0.0
0.0
0.0
2.059
0.0
0.0
0.0
0.0
0.0
0.0
0.0
0.0
0.0
0.0
0.0
16.646
0.0
0.0
0.0
0.0
0.0
1.838
0.0
0.0
0.0
0.0
0.0
0.0
0.179
1.069
1.821
7.535
4.407
0.0
0.0
0.0
0.0
0.0
0.0
0.0
4.166
9.515
0.0
0.0
0.0
0.0
0.0
3.193
3.193
0.0
3.193
0.0
0.0
5.173
0.0
0.0
1.154
0.0
9.536
0.0
0.0
0.0
8.931
2.977
0.0
0.0
2.145
0.0
1.877
0.0
1.877
0.0
0.0
0.0
0.0
17.602
17.966
0.0
15.247
0.0
0.0
2.472
2.472
0.0
2.472
2.472
0.0
0.0
28.593
8.34
0.0
0.0
0.0
0.0
24.581
12.29
12.29
3.1
0.0
5.767
45.826
8.261
10.38
6.8
0.0
8.643
11.309
0.382
0.481
0.669
0.94
1.331
0.0
0.0
0.0
0.0
0.0
0.0
0.0
0.0
0.0
0.0
0.0
0.0
0.0
0.0
0.0
0.0
0.0
0.0
0.0
0.0
0.0
0.0
0.0
0.0
0.0
0.0
30.041
0.0
0.0
0.0
0.0
0.0
0.0
0.0
0.0
0.0
0.0
0.0
0.0
0.0
0.0
0.0
0.0
7.332
0.0
0.0
0.0
0.0
0.0
0.0
0.0
0.0
0.0
0.0
0.0
0.0
0.0
0.0
0.0
0.0
6.607
0.0
0.0
0.0
0.0
0.0
5.445
0.0
0.0
0.0
0.0
0.0
0.0
0.0
0.0
0.0
22.991
0.0
0.0
0.0
0.0
0.0
0.0
0.0
0.0
0.0
0.0
0.0
0.0
0.0
0.0
0.0
0.0
0.0
32.933
0.0
0.0
0.0
0.0
0.0
0.0
0.0
0.0
0.0
0.0
5.308
0.0
0.0
0.0
0.0
0.0
0.0
0.0
0.0
15.07
0.0
0.0
0.0
0.0
0.0
0.0
0.0
0.0
0.0
0.0
0.0
0.0
0.0
0.0
0.0
4.256
0.0
0.0
0.0
0.0
0.0
0.0
0.0
0.0
0.0
0.0
0.0
0.0
0.0
0.0
14.162
0.0
0.0
0.0
0.0
0.0
0.0
6.642
0.0
0.0
0.0
0.0
0.0
0.0
5.998
0.0
0.0
11.996
0.0
1.858
3.866
0.0
0.0
0.0
0.0
0.0
0.0
0.0
4.751
4.751
0.0
0.0
4.751
0.0
0.0
0.0
0.0
0.0
0.0
0.0
0.0
0.0
0.0
0.0
0.0
0.0
0.0
0.0
0.0
0.0
0.0
0.0
0.0
0.0
0.0
0.0
0.0
0.0
0.0
1.671
0.0
1.462
0.0
0.0
0.0
0.0
0.0
0.0
0.0
0.0
0.0
0.0
0.0
0.0
0.0
4.315
0.0
0.0
0.0
4.315
0.0
0.0
0.0
0.0
0.0
0.0
0.0
0.0
0.0
0.0
0.0
0.0
0.0
0.0
0.0
0.0
0.0
0.0
0.0
15.034
0.0
0.0
0.0
1.952
1.414
4.651
0.0
2.326
0.0
7.302
0.0
4.173
0.0
0.0
0.0
0.0
3.877
8.862
0.0
7.48
8.614
0.0
0.0
0.0
10.587
5.294
0.0
5.294
0.0
9.096
0.0
36.385
0.0
0.0
0.0
0.0
0.0
0.0
3.123
0.0
0.0
0.0
13.583
4.445
0.0
0.0
7.754
0.0
0.0
0.0
3.499
0.0
6.999
0.0
0.0
0.0
0.0
0.0
0.0
5.761
6.325
6.325
6.325
0.0
7.228
0.0
6.42
0.0
1.271
0.0
0.0
0.0
0.0
0.0
8.243
0.0
0.0
0.0
0.0
14.93
0.0
54.294
10.162
0.0
0.0
15.971
18.121
0.0
0.0
0.0
0.0
8.472
0.0
0.0
0.0
6.419
0.0
0.0
0.0
0.0
20.448
0.0
0.0
8.009
0.0
0.0
0.0
17.752
0.0
14.144
0.0
0.0
0.673
1.974
0.0
0.333
8.134
8.134
8.134
8.134
8.134
9.323
0.0
0.0
10.255
0.0
0.0
0.0
0.0
0.0
0.0
0.0
0.0
0.0
0.0
0.0
0.0
0.0
0.0
0.0
15.252
0.0
0.0
0.0
19.971
0.0
0.0
0.0
0.0
22.921
26.195
0.0
0.0
0.0
0.0
0.0
0.0
0.0
0.0
0.0
15.341
0.0
26.763
0.0
0.0
0.0
0.0
0.0
0.0
0.0
4.419
7.567
0.0
0.0
0.0
0.0
0.0
0.0
0.0
0.0
0.0
0.0
9.342
0.0
0.0
0.0
0.0
0.0
0.0
0.0
13.697
0.0
17.065
0.0
0.0
5.575
0.0
0.0
0.0
2.929
0.0
0.0
0.0
0.0
0.0
0.0
18.606
0.0
7.063
30.794
0.0
8.592
0.0
10.191
10.191
0.0
0.0
0.0
0.0
0.0
0.0
10.843
0.0
4.236
4.333
3.859
0.0
3.733
5.822
0.0
0.0
5.822
0.0
0.0
0.0
0.0
0.0
0.0
7.146
0.0
0.0
0.0
0.0
0.0
9.294
0.0
0.0
0.0
5.089
5.089
10.179
5.089
10.179
5.089
0.902
0.0
0.0
0.0
0.0
0.0
0.0
0.0
0.0
1.14
0.0
11.678
0.0
0.0
0.0
4.171
3.65
10.949
0.0
0.0
0.0
0.0
0.0
0.0
2.853
3.993
0.0
0.0
0.0
0.0
0.0
0.0
0.0
0.0
4.446
0.0
0.0
0.0
0.0
0.0
0.0
0.0
0.0
0.0
0.0
0.0
0.0
0.0
0.0
0.0
0.0
0.0
0.0
0.0
0.0
0.0
16.249
0.0
0.0
0.0
0.0
0.0
0.0
0.0
0.0
0.0
0.0
0.0
0.0
0.0
0.0
8.764
0.0
0.0
0.0
0.0
0.0
0.0
0.0
0.0
0.0
0.0
0.0
0.0
0.0
0.0
4.217
4.217
0.0
0.0
0.0
0.0
0.0
0.0
0.0
0.0
0.0
0.0
0.0
0.0
0.0
0.0
0.0
5.792
0.0
0.0
0.0
5.3
0.0
0.0
0.0
0.0
0.0
0.0
0.0
0.0
5.654
5.655
0.0
0.0
0.0
0.0
0.0
0.0
12.99
14.437
0.0
6.316
0.0
6.316
0.0
0.0
0.0
14.908
0.0
31.26
0.0
0.0
0.0
0.0
0.0
3.106
0.0
3.106
3.55
6.081
6.949
12.161
0.0
6.081
0.0
5.38
2.221
0.0
3.16
5.295
6.26
0.0
0.0
0.0
12.519
0.0
0.0
6.553
6.366
0.0
2.744
3.136
0.0
0.0
5.488
0.0
0.0
0.596
0.0
0.0
2.015
2.015
0.0
0.0
4.03
0.0
37.68
0.0
0.0
0.0
0.0
6.897
20.69
0.0
0.0
0.0
0.0
8.139
0.0
16.279
4.572
0.0
11.571
2.826
9.276
14.581
0.0
0.0
25.516
0.0
0.0
0.0
16.925
0.0
0.0
11.283
13.6
0.0
0.0
0.0
0.0
15.606
0.0
0.0
0.0
0.0
14.515
0.0
21.772
0.0
14.515
0.0
0.0
0.0
0.0
0.0
11.49
0.0
0.0
0.0
0.0
0.0
0.0
0.0
0.0
0.0
0.0
0.0
0.0
0.0
0.0
0.0
0.0
0.0
0.0
32.656
26.816
0.0
0.0
0.0
0.0
0.0
0.0
0.0
0.0
0.0
0.0
0.0
0.0
0.0
0.0
0.0
10.328
0.0
9.914
0.0
0.0
0.0
0.0
3.818
0.0
0.0
0.0
4.995
0.0
0.0
10.38
0.0
0.0
0.0
0.0
20.186
0.0
0.0
0.0
26.105
0.0
0.0
0.0
0.0
0.0
0.0
0.0
0.0
0.0
0.0
0.0
0.0
0.0
22.315
0.0
0.0
0.0
0.0
0.0
0.0
0.0
0.0
0.0
0.0
1.506
2.466
1.392
3.071
0.0
2.9
5.051
0.0
0.0
0.0
0.0
3.332
4.649
0.0
19.87
0.0
0.0
0.0
0.0
0.0
0.0
13.392
0.0
0.0
0.0
0.0
0.0
0.0
0.0
13.409
0.0
0.0
0.0
0.0
0.0
0.0
0.0
0.0
0.0
0.0
0.0
6.171
6.171
6.195
18.585
0.0
6.195
12.39
7.08
3.215
0.0
3.215
0.0
7.348
0.0
17.008
9.719
0.0
0.0
12.801
8.534
0.0
0.0
0.0
0.0
0.0
14.115
0.0
4.705
0.0
0.0
1.736
0.0
0.0
0.0
5.48
0.0
0.0
0.0
0.0
7.092
0.0
0.0
0.0
0.0
0.0
0.0
0.0
0.0
0.0
0.0
4.205
0.0
0.0
0.0
0.0
0.0
0.0
0.0
0.0
0.0
0.0
0.0
0.0
0.0
0.0
0.0
0.0
0.0
0.0
0.0
0.0
0.0
2.828
0.0
0.0
0.0
0.0
0.0
0.0
0.0
5.48
0.0
0.0
0.0
0.0
0.0
0.0
0.0
0.0
0.0
0.0
0.0
0.0
0.0
0.0
0.0
0.0
0.0
0.0
0.0
0.0
0.0
0.0
0.0
1.735
0.0
0.0
0.0
0.0
0.0
0.0
6.959
7.953
6.959
13.917
0.0
0.0
0.0
3.527
0.0
0.0
0.0
0.0
0.0
0.0
0.0
11.214
3.738
0.0
0.0
0.0
0.0
0.0
0.0
0.0
11.579
11.579
0.0
0.0
4.126
0.0
0.0
0.0
7.293
0.0
0.0
0.0
0.0
0.0
5.494
0.0
2.747
5.494
0.0
5.579
0.0
0.0
12.752
11.158
11.043
0.0
6.31
0.0
0.0
0.0
0.0
0.0
0.0
0.0
0.0
0.0
0.0
0.0
0.0
0.0
0.0
0.0
2.571
0.0
9.853
4.926
9.853
22.521
0.0
0.0
0.0
0.0
0.0
2.697
0.0
9.168
16.045
0.0
8.022
0.0
0.0
0.0
0.0
0.0
6.72
5.143
0.0
0.0
5.199
13.628
20.443
0.0
0.0
0.0
0.0
0.0
0.0
0.0
0.0
16.653
0.0
0.0
12.688
5.551
5.551
0.0
0.0
0.0
0.0
0.0
0.0
11.41
5.705
0.0
28.524
6.104
5.505
7.752
6.254
10.972
14.346
0.0
0.0
0.0
0.0
0.0
0.0
0.0
0.0
0.0
0.0
0.0
0.0
0.0
0.0
0.0
0.0
4.626
0.0
0.0
0.0
0.0
0.0
5.366
0.0
0.0
7.293
10.431
0.0
0.0
0.0
0.0
0.0
0.0
0.0
0.0
0.0
0.0
0.0
5.83
0.0
0.0
0.0
0.0
0.0
0.0
0.0
0.0
0.0
0.0
0.0
0.0
13.354
0.0
0.0
0.0
0.0
0.0
0.0
0.0
0.0
0.0
0.0
0.0
0.0
0.0
0.0
0.0
0.0
0.0
0.0
0.0
0.0
0.0
0.0
15.734
0.0
0.0
0.0
0.0
0.0
0.0
0.0
0.0
0.0
0.0
0.0
0.0
0.0
0.0
0.0
0.0
0.0
0.0
0.0
0.0
0.0
0.0
0.0
0.0
0.0
28.396
0.0
0.0
0.0
0.0
18.0
0.0
0.0
0.0
0.0
0.0
0.0
0.0
0.0
0.0
0.0
0.0
0.0
0.0
0.0
0.0
0.0
0.0
11.12
38.766
0.0
0.0
0.0
0.0
0.0
0.0
0.0
0.0
0.0
11.826
0.0
0.0
0.0
0.0
0.0
0.0
8.082
0.0
6.533
0.0
0.0
0.0
0.0
0.0
0.0
0.0
0.0
0.0
0.0
0.0
0.0
0.0
0.0
22.73
0.0
0.0
0.0
0.0
15.107
0.0
0.0
0.0
0.0
0.0
7.061
0.0
0.0
0.0
0.0
0.0
0.0
0.0
0.0
0.0
9.714
0.0
0.0
0.0
0.0
0.0
0.0
0.0
0.0
0.0
0.0
0.0
0.0
0.0
0.0
0.0
0.0
0.0
0.0
0.0
0.0
0.0
0.0
0.0
0.0
9.243
4.621
0.0
0.0
0.0
0.0
0.0
0.0
0.0
0.0
0.0
0.0
5.42
5.42
0.0
0.0
0.0
3.367
0.0
0.0
0.0
0.0
0.0
0.0
0.0
0.0
0.0
0.0
0.0
4.397
0.0
0.0
0.0
0.0
0.0
0.0
6.497
0.0
3.249
6.497
9.514
1.227
0.0
0.0
0.0
0.0
0.0
0.0
0.0
0.0
3.143
6.286
3.592
0.0
0.0
0.0
5.335
10.67
0.0
3.705
7.411
3.705
7.411
0.0
0.0
0.0
14.572
0.0
12.803
0.0
0.0
0.0
0.0
5.837
11.673
0.0
0.0
11.673
7.751
0.0
11.626
0.0
0.0
0.0
0.0
0.0
5.166
0.0
0.0
0.0
0.0
0.0
0.0
4.56
0.0
5.175
0.0
0.0
0.0
0.0
0.0
0.0
0.0
3.969
2.65
0.0
1.644
2.013
1.812
5.247
0.0
5.247
10.493
0.0
6.671
0.0
6.671
6.671
6.671
0.0
7.589
0.0
0.0
0.0
6.359
0.0
12.718
0.0
0.0
0.0
0.0
18.586
4.646
0.0
0.0
0.0
9.837
9.837
9.837
0.0
7.303
0.0
14.607
0.0
0.0
0.0
0.0
0.0
0.0
0.0
0.0
0.0
0.0
7.681
0.0
0.0
0.0
0.0
2.495
4.167
0.0
0.0
7.5
7.52
0.0
0.0
0.0
0.0
0.0
0.0
3.54
11.098
3.784
2.987
0.0
0.0
0.0
0.0
0.0
0.0
0.0
0.0
0.0
0.0
0.0
0.0
0.0
0.0
0.0
0.0
0.0
0.0
0.0
0.0
0.0
0.0
0.0
0.0
55.283
0.0
0.0
0.0
0.0
0.0
0.0
0.0
0.0
0.0
0.0
12.969
0.0
0.0
0.0
17.365
17.365
0.0
0.0
0.0
22.03
0.0
0.0
0.0
27.388
0.0
0.0
0.0
0.0
17.448
8.724
17.448
0.0
0.0
0.0
0.0
0.0
0.0
0.0
0.0
0.0
0.0
0.0
0.0
0.0
0.0
22.986
22.986
22.986
12.928
0.0
0.0
0.0
25.857
0.0
0.0
0.0
22.433
19.348
16.805
21.109
0.0
9.185
5.705
15.024
30.049
15.024
15.024
0.0
0.0
24.549
0.0
0.0
0.0
15.283
0.0
0.0
5.094
5.094
0.0
14.852
0.0
0.0
0.0
0.0
6.853
0.0
0.0
0.0
2.607
0.0
0.0
2.607
5.214
4.642
0.0
4.062
0.0
4.062
0.0
9.289
0.0
0.0
0.0
0.0
0.0
6.489
10.982
0.0
0.0
0.0
0.0
0.0
0.0
0.0
0.0
0.0
0.0
0.0
0.0
0.0
0.0
0.0
0.0
0.0
0.0
0.0
0.0
0.0
0.0
10.008
10.008
0.0
0.0
0.0
0.0
3.448
0.0
0.0
0.0
0.0
0.0
0.0
0.0
0.0
0.0
0.0
0.0
0.0
0.0
0.0
0.0
0.0
0.0
0.0
0.0
0.0
0.0
3.49
3.49
0.0
0.0
0.0
0.0
0.0
0.0
0.0
0.0
0.0
0.0
0.0
0.0
0.0
0.0
0.0
0.0
0.0
0.0
0.0
0.0
0.0
0.0
0.0
0.0
0.0
0.0
0.0
0.0
0.0
0.0
0.0
12.026
0.0
0.0
5.877
0.0
11.755
0.0
0.0
0.0
15.789
0.0
0.0
0.0
0.0
0.0
5.025
0.0
0.0
0.0
0.0
0.0
0.0
8.596
0.0
0.0
0.0
2.696
0.0
0.0
8.089
0.0
15.46
5.889
5.153
0.0
0.0
8.677
26.032
0.0
0.0
3.581
3.581
0.0
3.581
3.581
0.0
0.0
0.0
0.0
0.0
0.0
3.61
7.219
0.0
0.0
0.0
17.873
2.514
0.0
0.92
0.0
0.0
0.0
0.0
8.954
4.477
14.178
14.178
0.0
0.0
8.102
0.0
0.0
5.845
0.0
0.0
6.365
3.199
5.349
5.23
3.572
20.398
0.0
12.239
0.0
0.0
4.864
9.728
0.0
9.728
0.0
7.26
20.622
3.133
0.0
0.0
14.283
0.0
0.0
0.0
0.0
0.0
0.0
0.0
18.144
18.144
19.103
0.0
0.0
19.103
0.0
0.0
0.0
0.0
0.0
0.0
0.0
20.413
0.0
8.931
0.0
17.862
11.906
23.812
0.0
35.718
11.906
0.0
13.22
0.0
0.0
0.0
0.0
1.232
0.0
0.0
2.931
0.0
10.941
0.0
0.0
21.883
0.0
0.0
0.0
0.0
27.996
0.0
0.0
15.437
0.0
0.0
0.0
0.0
14.574
0.0
0.0
0.0
0.0
0.0
35.693
23.795
0.0
0.0
0.0
0.0
0.0
0.0
0.0
0.0
0.0
0.0
0.0
0.0
0.0
0.0
0.0
0.0
0.0
0.0
0.0
0.0
0.0
0.0
0.0
0.0
0.0
6.328
0.0
0.0
0.0
0.0
0.0
0.0
0.0
0.0
0.0
0.0
6.923
0.0
0.0
0.0
0.0
0.0
0.0
0.0
6.309
0.0
0.0
0.0
0.0
0.0
0.0
0.0
0.0
0.0
0.0
0.0
0.0
7.091
14.182
0.0
0.0
0.0
0.0
13.073
7.939
0.0
0.0
30.561
0.0
0.0
0.0
0.0
0.0
5.788
23.152
0.0
0.0
0.0
0.0
0.0
0.0
0.0
0.0
0.0
0.0
0.0
21.026
0.0
21.821
0.0
0.0
0.0
0.0
0.0
0.0
0.0
11.521
0.0
0.0
0.0
0.0
0.0
0.0
0.0
0.0
0.0
0.0
0.0
0.0
18.29
9.145
0.0
9.145
0.0
0.0
0.0
0.0
0.0
0.0
0.0
0.0
0.0
0.0
0.0
0.0
2.751
0.0
0.0
3.002
0.0
0.0
2.12
2.61
0.0
0.0
0.0
0.0
0.0
0.0
0.0
0.0
9.956
19.911
3.669
0.0
0.0
3.669
3.669
3.967
7.933
0.0
0.0
0.0
9.924
9.924
0.0
0.0
0.0
0.0
1.2
0.0
0.0
0.0
3.013
0.0
0.0
0.0
0.0
0.0
0.0
0.0
0.0
0.0
0.0
0.0
0.0
0.0
0.0
0.0
0.0
0.0
6.749
0.0
0.0
0.0
0.0
0.0
0.0
0.0
0.0
0.0
0.0
0.0
0.0
0.0
0.0
0.0
0.0
0.0
0.0
0.0
0.0
0.0
0.0
0.0
0.0
2.987
0.0
0.0
0.0
0.0
0.0
0.0
0.0
0.0
0.0
0.0
0.0
0.0
0.0
0.0
0.0
0.0
0.0
0.0
0.0
0.0
0.0
0.0
0.0
0.0
3.356
6.712
0.0
0.0
0.0
4.353
4.975
11.085
0.0
3.695
3.695
3.695
6.014
6.014
18.042
0.0
0.0
7.28
0.0
8.32
7.28
0.0
4.842
4.842
19.368
0.0
0.0
0.0
9.792
0.0
0.0
0.0
0.0
0.0
6.79
6.79
0.0
15.521
0.0
0.0
0.0
0.0
0.0
0.0
2.711
0.0
0.0
0.0
0.0
10.105
0.0
19.127
6.135
23.41
0.0
0.0
0.0
15.607
0.0
0.0
5.242
5.242
10.484
0.0
9.878
0.0
9.878
9.878
5.329
5.654
11.796
4.922
15.335
19.774
29.66
0.0
0.0
0.0
0.0
0.0
0.0
5.24
4.471
0.0
5.534
0.0
0.0
0.0
3.425
0.0
0.0
3.425
7.828
0.0
0.0
0.0
4.146
4.146
8.292
14.797
0.0
29.649
0.0
0.0
0.0
11.13
0.0
5.565
0.0
0.0
19.431
4.625
0.0
7.143
0.0
13.526
23.011
31.177
26.31
10.445
9.055
8.337
13.316
11.232
44.149
0.0
0.0
16.819
0.0
0.0
0.0
0.0
9.802
9.802
0.0
0.0
11.712
0.0
0.0
0.0
0.0
0.0
0.0
0.0
0.0
0.0
0.0
0.0
0.0
0.0
0.0
0.0
0.0
0.0
0.0
0.0
0.0
0.0
0.0
0.0
0.0
19.553
0.0
0.0
0.0
0.0
0.0
0.0
20.049
0.0
0.0
0.0
0.0
0.0
0.0
0.0
0.0
0.0
0.0
27.873
0.0
0.0
0.0
0.0
0.0
0.0
0.0
0.0
0.0
0.0
0.0
0.0
0.0
0.0
0.0
0.0
13.951
0.0
0.0
0.0
13.951
0.0
0.0
6.643
5.813
11.626
0.0
0.0
0.0
0.0
13.936
0.0
0.0
0.0
6.39
0.0
0.0
6.874
6.874
6.874
0.0
12.891
0.0
6.446
0.0
0.0
0.0
5.912
0.0
0.0
5.912
0.0
0.0
31.392
0.0
0.0
0.0
0.0
0.0
0.0
0.0
0.0
0.0
0.0
11.818
0.0
0.0
0.0
0.0
0.0
0.0
0.0
0.0
4.809
0.0
0.0
0.0
0.0
0.0
0.0
0.0
13.96
0.0
6.619
0.0
0.0
0.0
0.0
11.941
0.0
0.0
0.0
0.0
0.0
6.135
12.271
0.0
2.074
0.0
0.0
1.732
2.074
1.99
0.0
0.0
0.0
0.0
2.965
0.0
0.0
0.0
0.0
0.0
0.0
0.0
0.0
0.0
0.0
0.0
0.0
0.0
0.0
0.0
0.0
2.956
2.956
5.912
0.0
0.0
0.0
0.0
0.0
0.0
0.0
0.0
0.0
0.0
0.0
0.0
0.0
0.0
0.0
0.0
0.0
0.0
0.0
0.0
0.0
0.0
0.0
0.0
10.09
0.0
0.0
0.0
0.0
0.0
0.0
0.0
0.0
0.0
0.0
0.0
0.0
0.0
0.0
0.0
0.0
0.0
0.0
1.968
0.0
0.0
0.0
0.0
0.0
0.0
16.644
3.795
5.084
0.0
0.0
0.0
3.444
0.0
0.0
0.0
0.0
0.0
3.389
0.0
0.0
0.0
2.986
0.0
0.0
0.0
0.0
0.0
0.0
0.0
0.0
0.0
0.0
0.0
0.0
23.079
0.0
0.0
0.0
0.0
0.0
0.0
0.0
0.0
0.0
4.311
8.621
7.926
23.777
0.0
0.0
0.0
0.0
6.775
0.0
0.0
0.0
0.0
3.122
0.0
0.0
3.122
14.354
0.0
0.0
8.373
20.934
0.0
0.0
0.0
16.396
19.037
0.0
0.0
1.787
3.574
5.361
23.354
0.0
0.0
13.345
0.0
7.078
0.0
4.045
3.539
0.0
0.0
0.0
5.696
0.0
17.089
0.0
20.534
0.0
0.0
0.0
6.923
0.0
0.0
0.0
0.0
0.0
11.948
0.0
0.0
0.0
0.0
0.0
0.0
0.0
0.0
0.0
0.0
0.0
38.129
0.0
0.0
0.0
0.0
23.052
46.105
0.0
11.912
0.0
0.0
0.0
0.0
0.0
0.0
0.0
0.0
0.0
0.0
0.0
0.0
0.0
0.0
5.716
0.0
0.0
0.0
5.716
0.0
0.0
17.271
17.271
0.0
0.0
0.0
9.19
0.0
0.0
0.0
0.0
0.0
0.0
0.0
0.0
0.0
0.0
0.0
0.0
13.401
0.0
0.0
0.0
0.0
0.0
0.0
0.0
0.0
0.0
3.879
0.0
0.0
0.0
0.0
0.0
0.0
0.0
0.0
0.0
0.0
0.0
0.0
0.0
0.0
0.0
0.0
0.0
0.0
0.0
4.036
0.0
8.906
0.0
0.0
0.0
0.0
11.458
0.0
0.0
0.0
0.0
0.0
0.0
18.35
18.35
0.0
0.0
0.0
7.637
0.0
7.637
0.0
0.0
9.55
19.101
0.0
0.0
0.0
0.0
0.0
0.0
7.712
0.0
0.0
0.0
7.712
0.0
0.0
0.0
7.712
0.0
0.0
0.0
0.0
0.0
0.0
0.0
0.0
0.0
24.62
0.0
0.0
0.0
10.866
0.0
0.0
0.0
0.0
0.0
6.066
0.0
0.0
0.0
0.0
0.0
0.0
0.0
0.0
7.278
0.0
0.0
0.0
0.0
0.0
0.0
11.995
0.0
0.0
0.0
0.0
9.467
0.0
0.0
0.0
0.0
10.633
0.0
0.0
0.0
0.0
0.0
0.0
0.0
0.0
0.0
0.0
0.0
0.0
0.0
0.0
0.0
3.639
4.859
0.0
9.719
0.0
0.0
0.0
0.0
11.57
0.0
5.785
0.0
20.558
0.0
0.0
0.0
0.0
0.0
26.056
0.0
0.0
0.0
0.0
0.0
0.0
0.0
0.0
0.0
0.0
0.0
0.0
0.0
0.0
0.0
0.0
0.0
0.0
0.0
0.0
0.0
0.0
0.0
0.0
0.0
0.0
5.652
0.0
0.0
5.736
0.0
2.868
0.0
0.0
0.0
19.666
0.0
0.0
9.833
0.0
0.0
0.0
0.0
0.0
3.091
3.091
0.0
0.0
6.182
0.0
0.0
0.0
6.064
0.0
0.0
3.79
3.79
0.0
0.0
0.0
0.0
0.0
4.974
9.948
0.0
0.0
3.881
0.0
6.773
0.0
0.0
0.0
0.0
0.0
0.0
0.0
6.98
0.0
6.886
0.0
0.0
0.0
5.001
5.001
5.001
5.001
5.001
0.0
0.0
10.105
0.0
5.052
4.259
0.0
0.0
4.259
4.259
0.0
11.487
26.256
11.487
0.0
0.0
15.834
0.0
0.0
0.0
7.917
0.0
0.0
8.591
8.591
0.0
0.0
0.0
4.822
0.0
9.644
0.0
0.0
0.0
0.0
10.385
0.0
0.0
10.816
0.0
16.223
0.0
0.0
0.0
0.0
18.581
0.0
0.0
0.0
0.0
13.634
0.0
0.0
42.78
16.705
8.23
8.236
16.471
0.0
16.471
16.471
0.0
0.0
0.0
39.534
19.767
0.0
0.0
49.488
0.0
0.0
0.0
0.0
0.0
5.499
0.0
5.499
0.0
10.645
0.0
0.0
0.0
0.0
27.053
0.0
0.0
0.0
0.0
0.0
32.244
0.0
0.0
27.229
0.0
0.0
0.0
0.0
0.0
0.0
10.797
10.797
0.0
10.398
41.59
10.398
10.398
20.795
0.0
61.879
41.253
0.0
0.0
0.0
0.0
0.0
0.0
28.665
0.0
0.0
0.0
0.0
0.0
0.0
0.0
0.0
0.0
0.0
21.392
0.0
0.0
0.0
0.0
0.0
11.514
6.945
0.0
0.0
0.0
0.0
0.0
0.0
0.0
0.0
6.326
0.0
8.478
0.0
0.0
0.0
0.0
0.0
0.0
0.0
0.0
0.0
0.0
0.0
0.0
0.0
0.0
0.0
0.0
7.92
0.0
0.0
0.0
0.0
0.0
0.0
0.0
0.0
0.0
0.0
0.0
0.0
0.0
0.0
0.0
0.0
52.997
0.0
0.0
0.0
0.0
0.0
0.0
0.0
0.0
0.0
0.0
0.0
0.0
0.0
0.0
0.0
0.0
0.0
0.0
0.0
0.0
10.466
10.466
20.931
0.0
0.0
0.0
0.0
0.0
0.0
10.817
0.0
0.0
0.0
0.0
0.0
0.0
0.0
0.0
0.0
0.0
0.0
8.005
0.0
0.0
0.0
0.0
0.0
0.0
0.0
8.861
0.0
0.0
0.0
0.0
0.0
0.0
0.0
0.0
0.0
0.0
0.0
0.0
0.0
0.0
0.0
0.0
0.0
0.0
13.57
13.57
0.0
0.0
0.0
0.0
0.0
0.0
9.254
0.0
0.0
0.0
0.0
0.0
0.0
0.0
0.0
0.0
0.0
0.0
0.0
0.0
0.0
0.0
0.0
0.0
0.0
0.0
0.0
0.0
0.0
0.0
0.0
0.0
0.0
0.0
0.0
0.0
4.462
0.0
0.0
0.0
0.0
0.0
0.0
0.0
0.0
0.0
0.0
0.0
0.0
0.0
0.0
0.0
0.0
0.0
0.0
1.005
0.0
0.0
0.0
0.0
0.0
0.0
0.0
0.0
0.0
0.0
0.0
0.0
0.0
0.0
0.0
0.0
0.0
0.0
0.0
0.0
0.0
0.0
10.792
0.0
0.0
0.0
0.0
0.0
0.0
0.0
0.0
0.0
0.0
0.0
0.0
0.0
0.0
0.0
0.0
0.0
0.0
0.0
0.0
0.0
0.0
0.0
0.0
0.0
2.841
10.202
8.849
0.0
0.0
17.698
0.0
0.0
0.0
8.1
16.2
0.0
8.087
0.0
0.0
0.0
0.0
6.979
18.319
6.106
0.0
0.0
0.0
0.0
4.164
0.0
4.164
0.0
0.0
5.578
5.578
4.881
0.0
9.184
9.184
3.061
3.061
0.0
8.647
9.882
0.0
8.647
0.0
0.0
0.0
2.812
0.0
0.0
1.725
1.725
0.0
1.725
1.725
0.0
5.137
0.0
0.0
10.274
0.0
0.0
28.972
0.0
8.45
14.66
0.0
0.0
0.0
0.0
8.996
0.0
8.996
8.996
0.0
21.157
0.0
4.628
0.0
4.628
19.354
9.677
0.0
19.354
0.0
0.0
0.0
31.338
15.669
0.0
0.0
0.0
0.0
0.0
0.0
0.0
0.0
0.0
0.0
0.0
15.598
0.0
0.0
0.0
0.0
0.0
0.0
0.0
0.0
0.0
0.0
0.0
0.0
0.0
0.0
0.0
0.0
0.0
0.0
0.0
0.0
0.0
0.0
0.0
0.0
0.0
0.0
0.0
9.723
6.927
0.0
0.0
0.0
0.0
0.0
58.241
0.0
0.0
0.0
0.0
0.0
0.0
0.0
0.0
0.0
0.0
0.0
0.0
0.0
0.0
0.0
0.0
0.0
8.172
0.0
0.0
0.0
0.0
0.0
0.0
0.0
0.0
0.0
5.387
0.0
0.0
0.0
0.0
0.0
0.0
0.0
0.0
9.673
5.356
0.0
0.0
0.0
0.0
0.0
0.0
0.0
0.0
0.0
0.0
0.0
0.0
0.0
0.0
0.0
0.0
23.958
0.0
0.0
0.0
0.0
0.0
0.0
0.0
33.782
22.521
0.0
0.0
0.0
0.0
0.0
4.863
0.0
7.693
0.0
0.0
0.0
0.0
0.0
0.0
10.01
0.0
0.0
0.0
6.673
6.673
0.0
0.0
0.0
10.167
10.167
0.0
10.167
0.0
11.735
0.0
0.0
0.0
0.0
0.0
0.0
0.0
0.0
0.0
0.0
0.0
0.0
0.0
0.0
0.0
11.361
0.0
11.361
0.0
0.0
0.0
6.629
0.0
3.315
0.0
6.586
6.586
0.0
0.0
6.586
10.224
0.0
0.0
0.0
0.0
0.0
0.0
0.0
0.0
0.0
0.0
0.0
0.0
7.755
7.755
0.0
0.0
0.0
0.0
0.0
5.681
0.0
0.0
0.0
11.362
0.0
0.0
0.0
0.0
0.0
0.0
0.0
0.0
0.0
0.0
0.0
0.0
0.0
0.0
0.0
0.0
0.0
0.0
0.0
10.971
0.0
0.0
0.0
0.0
0.0
0.0
0.0
0.0
0.0
0.0
0.0
0.0
0.0
0.0
0.0
0.0
0.0
0.0
0.0
0.0
0.0
0.0
0.0
0.0
0.0
0.0
0.0
0.0
6.23
3.115
6.23
0.0
0.0
0.0
0.0
0.0
0.0
0.0
0.0
1.967
1.967
1.967
2.738
0.0
2.738
5.476
0.0
0.0
0.0
0.0
0.0
0.0
0.0
0.0
0.0
0.0
0.0
4.141
0.0
0.0
4.095
0.0
0.0
0.0
12.284
0.0
0.0
0.0
0.0
8.0
0.0
9.64
14.459
9.64
0.0
0.0
0.0
0.0
0.0
0.0
0.0
0.0
0.0
11.665
5.833
17.498
6.554
0.0
0.0
0.0
0.0
4.697
0.0
0.0
0.0
0.0
12.949
0.0
3.32
9.562
0.0
0.0
0.0
32.736
0.0
0.0
0.0
3.338
15.076
0.0
3.407
5.997
6.379
15.012
0.0
0.0
0.0
0.0
0.0
6.287
5.501
7.953
0.0
0.0
4.545
11.929
0.0
0.0
0.0
0.0
7.889
2.006
0.0
2.006
8.024
0.0
0.0
0.0
0.0
6.857
0.0
0.0
0.0
9.224
0.0
0.0
11.545
15.243
0.0
0.0
0.0
30.487
17.5
0.0
17.5
0.0
26.249
0.0
0.0
0.0
0.0
0.0
0.0
0.0
0.0
0.0
0.0
41.678
0.0
0.0
0.0
0.0
0.0
0.0
21.856
0.0
0.0
0.0
19.088
0.0
9.544
19.088
0.0
0.0
0.0
0.0
0.0
0.0
0.0
0.0
0.0
0.0
0.0
0.0
0.0
0.0
0.0
0.0
0.0
0.0
0.0
0.0
0.0
0.0
0.0
0.0
8.206
0.0
0.0
0.0
0.0
0.0
40.0
0.0
0.0
0.0
0.0
0.0
0.0
0.0
0.0
0.0
0.0
0.0
0.0
0.0
0.0
0.0
0.0
0.0
0.0
0.0
0.0
0.0
0.0
0.0
0.0
0.0
0.0
0.0
0.0
0.0
0.0
0.0
0.0
11.252
0.0
9.845
0.0
0.0
0.0
0.0
0.0
0.0
27.772
0.0
0.0
0.0
13.886
16.861
0.0
0.0
0.0
0.0
12.663
0.0
0.0
12.663
0.0
0.0
0.0
0.0
2.27
0.579
0.0
0.0
12.415
0.0
6.208
0.0
0.0
0.0
0.0
12.657
0.0
0.0
0.0
0.0
0.0
0.0
0.0
9.639
0.0
0.0
0.0
0.0
15.519
0.0
0.0
0.0
0.0
3.149
0.0
0.0
0.0
0.0
0.0
4.893
0.0
0.0
0.0
0.0
4.524
0.0
0.0
0.0
0.0
39.362
0.0
0.0
0.0
0.0
0.0
0.0
10.664
0.0
25.951
0.0
0.0
0.0
5.27
2.635
10.54
0.0
7.905
2.615
0.0
2.288
0.0
0.0
0.0
0.0
0.0
0.0
0.0
0.0
0.0
0.0
0.0
0.0
0.0
6.11
0.0
0.0
0.0
0.0
0.0
0.0
0.0
0.0
2.97
0.0
0.0
0.0
0.0
0.0
0.0
0.0
0.0
0.0
7.116
0.0
0.0
0.0
0.0
0.0
0.0
0.0
0.0
0.0
12.917
0.0
0.0
0.0
0.0
0.0
0.0
0.0
0.0
0.0
0.0
0.0
0.0
0.0
0.0
0.0
0.0
0.0
0.0
0.0
0.0
3.784
0.0
0.0
0.0
0.0
0.0
0.0
0.0
0.0
0.0
0.0
5.292
0.0
5.292
10.583
0.0
0.0
0.0
6.242
22.325
0.0
0.0
0.0
0.0
0.0
0.0
0.0
0.0
5.064
23.424
0.0
0.0
7.808
0.0
0.0
0.0
0.0
4.311
3.772
13.962
0.0
0.0
0.0
0.0
0.0
3.369
0.0
0.0
0.0
0.0
4.719
4.719
4.719
4.719
4.719
0.0
3.353
6.706
0.0
0.0
0.0
0.0
0.0
4.752
0.0
0.0
0.745
0.0
0.0
0.0
0.0
6.649
0.0
0.0
8.664
0.0
3.478
0.0
6.956
0.0
0.0
27.159
0.0
0.0
0.0
0.0
0.0
0.0
10.6
0.0
6.201
12.402
0.0
12.402
0.0
3.551
0.0
0.0
0.0
7.101
0.0
27.689
0.0
0.0
6.922
7.63
15.261
0.0
7.63
0.0
0.0
20.437
0.0
0.0
0.0
6.812
0.0
14.801
14.801
29.601
0.0
0.0
0.0
0.0
0.0
0.0
0.0
0.0
0.0
0.0
0.0
0.0
0.0
0.0
0.0
0.0
0.0
32.134
0.0
0.0
0.0
0.0
0.0
0.0
0.0
0.0
0.0
0.0
0.0
32.129
0.0
0.0
0.0
0.0
0.0
0.0
0.0
0.0
0.0
0.0
0.0
0.0
0.0
0.0
0.0
0.0
0.0
0.0
0.0
0.0
0.0
0.0
0.0
0.0
0.0
0.0
0.0
0.0
0.0
0.0
0.0
0.0
0.0
0.0
0.0
0.0
0.0
0.0
0.0
0.0
31.048
0.0
0.0
0.0
0.0
0.0
0.0
0.0
0.0
0.0
0.0
0.0
0.0
0.0
0.0
0.0
0.0
0.0
0.0
0.0
0.0
0.0
0.0
0.0
0.0
0.0
0.0
0.0
0.0
0.0
0.0
0.0
16.818
0.0
0.0
23.649
0.0
0.0
0.0
0.0
0.0
13.505
13.505
0.0
0.0
0.0
0.0
0.0
0.0
0.0
0.0
11.228
0.0
10.044
20.089
0.0
10.044
0.0
10.274
0.0
0.0
0.0
0.0
0.0
0.0
0.0
0.0
0.0
0.0
7.166
0.0
7.166
0.0
7.166
0.0
0.0
0.0
0.0
11.884
5.404
0.0
0.0
0.0
0.0
0.0
0.0
0.0
7.048
0.0
0.0
0.0
0.0
0.0
0.0
0.0
0.0
0.0
9.449
4.724
0.0
0.0
0.0
0.0
0.0
0.0
0.0
0.0
0.0
5.653
0.0
0.0
0.0
0.0
0.0
0.0
0.0
0.0
0.0
0.0
0.0
0.0
0.0
0.0
0.0
0.0
0.0
0.0
0.0
0.0
0.0
0.0
0.0
0.0
0.0
0.0
0.0
0.0
0.0
0.0
0.0
0.0
0.0
0.0
0.0
0.0
0.0
0.0
0.0
0.0
0.0
0.0
0.0
0.0
0.0
0.0
0.0
0.0
7.519
0.0
0.0
0.0
0.0
0.0
0.0
0.0
0.0
0.0
0.0
0.0
0.0
0.0
0.0
0.0
0.0
0.0
0.0
0.0
0.0
0.0
0.0
0.0
0.0
0.0
0.0
0.0
0.0
13.406
0.0
0.0
0.0
0.0
0.0
0.0
9.113
0.0
0.0
11.272
6.441
0.0
12.348
18.521
12.348
12.348
0.0
16.067
0.0
0.0
0.0
18.363
0.0
6.793
19.409
3.397
0.0
10.509
0.0
10.509
0.0
0.0
0.0
0.0
12.502
0.0
0.0
0.0
0.0
2.915
0.0
0.0
2.915
4.208
4.208
4.208
0.0
4.208
0.0
5.481
2.74
2.74
2.74
15.527
7.764
0.0
0.0
3.882
22.547
0.0
13.152
6.576
0.0
0.0
8.039
0.0
16.078
8.039
12.515
18.772
0.0
0.0
0.0
0.0
0.0
0.0
10.069
0.0
0.0
0.0
0.0
18.642
0.0
0.0
0.0
10.237
0.0
0.0
0.0
8.124
8.124
18.568
0.0
8.4
0.0
8.4
4.2
8.4
0.0
0.0
7.236
7.236
7.236
7.236
8.973
44.867
26.92
17.947
0.0
0.0
18.186
31.825
0.0
0.0
0.0
23.436
0.0
23.436
23.436
0.0
0.0
0.0
19.978
0.0
0.0
0.0
0.0
0.0
0.0
26.566
0.0
53.132
60.723
0.0
0.0
0.0
0.0
0.0
0.0
0.0
0.0
0.0
0.0
0.0
0.0
0.0
0.0
0.0
0.0
0.0
0.0
0.0
0.0
0.0
0.0
0.0
0.0
0.0
0.0
0.0
0.0
0.0
0.0
0.0
0.0
0.0
0.0
0.0
0.0
0.0
0.0
0.0
0.0
0.0
11.837
0.0
36.86
0.0
0.0
0.0
0.0
0.0
0.0
0.0
0.0
0.0
0.0
0.0
0.0
0.0
0.0
0.0
0.0
0.0
0.0
0.0
0.0
0.0
0.0
0.0
0.0
0.0
30.694
15.347
0.0
0.0
0.0
0.0
0.0
0.0
0.0
0.0
0.0
0.0
0.0
0.0
0.0
0.0
0.0
0.0
0.0
0.0
0.0
0.0
0.0
0.0
0.0
0.0
0.0
0.0
0.0
0.0
0.0
0.0
0.0
0.0
0.0
0.0
0.0
0.0
0.0
0.0
0.0
0.0
16.319
0.0
0.0
0.0
0.0
21.899
10.949
0.0
17.332
8.666
0.0
8.666
0.0
0.0
0.0
0.0
0.0
0.0
0.0
0.0
0.0
0.0
0.0
0.0
0.0
0.0
0.0
0.0
0.0
0.0
0.0
0.0
0.0
0.0
0.0
0.0
0.0
0.0
0.0
0.0
2.531
0.0
0.0
0.0
4.785
0.0
0.0
2.393
2.251
2.251
0.0
0.0
0.0
0.0
0.0
0.0
0.0
0.0
3.512
7.025
3.512
0.0
0.0
0.0
0.0
0.0
0.0
0.0
0.0
0.0
0.0
0.0
0.0
0.0
0.0
0.0
0.0
0.0
0.0
0.0
0.0
0.0
0.0
0.0
0.0
0.0
0.0
0.0
0.0
3.905
7.81
0.0
0.0
0.0
0.0
8.671
0.0
0.0
0.0
0.0
0.0
0.0
0.0
0.0
0.0
0.0
0.0
8.376
8.376
8.376
11.674
0.0
5.837
5.837
0.0
18.787
0.0
8.219
0.0
0.0
0.0
0.0
0.0
0.0
0.0
0.0
0.0
0.0
0.0
8.327
0.0
8.327
8.327
0.0
0.0
0.0
0.0
0.0
0.0
9.809
0.0
9.809
0.0
0.0
0.0
0.0
0.0
0.0
6.522
4.152
12.457
0.0
4.152
0.0
0.0
0.0
4.205
8.41
8.41
0.0
0.0
0.0
0.0
10.747
0.0
12.152
0.0
0.0
0.0
12.152
6.001
6.001
0.0
6.001
6.001
0.0
11.022
0.0
0.0
4.822
0.0
5.831
0.0
0.0
0.0
0.0
5.29
0.0
0.0
5.29
0.0
0.0
7.985
14.077
13.072
8.489
0.0
0.0
0.0
25.466
11.353
0.0
0.0
11.353
25.949
0.0
0.0
0.0
0.0
8.944
17.892
0.0
17.892
17.892
0.0
0.0
23.916
0.0
10.463
26.158
15.695
0.0
19.852
19.852
29.779
0.0
0.0
0.0
0.0
0.0
0.0
0.0
0.0
0.0
13.486
0.0
18.555
0.0
0.0
0.0
0.0
0.0
0.0
16.014
0.0
0.0
0.0
55.454
0.0
0.0
0.0
0.0
25.654
25.654
0.0
0.0
0.0
0.0
0.0
0.0
0.0
17.05
0.0
51.151
0.0
0.0
0.0
0.0
0.0
0.0
0.0
0.0
0.0
0.0
0.0
0.0
0.0
0.0
0.0
0.0
0.0
0.0
0.0
0.0
0.0
0.0
0.0
0.0
0.0
0.0
0.0
0.0
0.0
58.393
0.0
0.0
0.0
0.0
0.0
0.0
0.0
0.0
0.0
0.0
0.0
0.0
0.0
0.0
0.0
0.0
0.0
0.0
0.0
0.0
0.0
0.0
0.0
0.0
0.0
0.0
5.385
0.0
0.0
0.0
0.0
0.0
0.0
0.0
0.0
0.0
0.0
0.0
0.0
0.0
4.653
0.0
0.0
0.0
10.009
0.0
0.0
0.0
0.0
0.0
0.0
0.0
0.0
0.0
0.0
0.0
0.0
0.0
0.0
0.0
7.434
0.0
0.0
7.434
5.513
11.027
0.0
0.0
0.0
6.266
6.266
0.0
0.0
0.0
0.0
7.323
0.0
7.323
0.0
7.323
0.0
0.0
0.0
0.0
0.0
0.0
0.0
0.0
0.0
0.0
0.0
0.0
0.0
7.41
0.0
0.0
0.0
0.0
0.0
0.0
0.0
0.0
0.0
0.0
0.0
0.0
0.0
0.0
22.972
0.0
5.399
0.0
0.0
0.0
0.0
0.0
0.0
0.0
0.0
0.0
0.0
0.0
0.0
0.0
0.0
0.0
0.0
0.0
0.0
0.0
0.0
0.0
0.0
0.0
0.0
0.0
0.0
0.0
12.574
0.0
0.0
0.0
0.0
0.0
0.0
0.0
5.917
0.0
0.0
0.0
0.0
0.0
0.0
0.0
0.0
0.0
0.0
0.0
0.0
0.0
0.0
0.0
0.0
0.0
0.0
0.0
0.0
0.0
0.0
0.0
0.0
4.258
0.0
0.0
0.0
0.0
0.0
0.0
0.0
0.0
0.0
0.0
0.0
0.0
0.0
0.0
0.0
0.0
0.0
0.0
0.0
0.0
0.0
0.0
0.0
0.0
0.0
0.0
10.862
5.431
0.0
18.096
0.0
0.0
0.0
0.0
0.0
0.0
0.0
0.0
0.0
4.439
0.0
13.317
0.0
0.0
0.0
2.454
4.909
4.909
0.0
0.0
27.889
8.134
0.0
31.986
0.0
0.0
0.0
15.993
6.997
0.0
0.0
10.427
15.64
0.0
0.0
0.0
0.0
0.0
0.0
8.952
35.807
8.952
0.0
10.231
7.76
0.0
0.0
0.0
0.0
0.0
0.0
0.0
8.435
0.0
0.0
23.829
11.914
0.0
17.872
4.823
14.47
9.646
0.0
0.0
0.0
0.0
0.0
17.755
0.0
0.0
6.037
0.0
0.0
0.0
0.0
6.728
20.183
0.0
0.0
0.0
20.202
6.734
0.0
0.0
0.0
12.555
6.278
12.555
6.278
6.278
0.0
10.253
23.434
11.717
0.0
0.0
0.0
0.0
8.29
0.0
57.351
45.881
0.0
22.941
11.47
22.95
0.0
0.0
22.95
0.0
0.0
0.0
14.891
0.0
0.0
0.0
0.0
14.539
0.0
0.0
0.0
57.583
0.0
0.0
0.0
0.0
0.0
0.0
0.0
0.0
0.0
0.0
0.0
0.0
0.0
0.0
0.0
0.0
0.0
0.0
0.0
0.0
0.0
0.0
0.0
0.0
0.0
0.0
0.0
0.0
0.0
0.0
0.0
0.0
0.0
0.0
0.0
0.0
0.0
0.0
0.0
5.224
0.0
0.0
0.0
0.0
0.0
0.0
0.0
5.572
0.0
0.0
0.0
6.012
0.0
0.0
0.0
0.0
0.0
7.898
0.0
0.0
0.0
0.0
0.0
0.0
0.0
0.0
14.041
0.0
0.0
0.0
9.271
0.0
0.0
0.0
0.0
0.0
24.989
0.0
0.0
0.0
0.0
0.0
5.019
10.037
5.019
0.0
0.0
0.0
0.0
6.369
0.0
0.0
0.0
11.012
11.012
6.803
0.0
0.0
0.0
0.0
9.872
0.0
0.0
9.872
0.0
0.0
0.0
6.17
12.341
0.0
0.0
0.0
11.035
0.0
0.0
0.0
10.936
0.0
0.0
0.0
0.0
12.922
0.0
0.0
0.0
0.0
0.0
10.266
0.0
0.0
0.0
0.0
0.0
10.054
0.0
0.0
0.0
0.0
14.626
0.0
0.0
0.0
0.0
0.0
0.0
0.0
8.246
24.739
0.0
8.246
0.0
0.0
0.0
0.0
0.0
0.0
0.0
0.0
3.062
0.0
9.187
0.0
11.461
5.73
0.0
0.0
0.0
0.0
0.0
0.0
0.0
0.0
0.0
0.0
0.0
0.0
4.838
0.0
0.0
0.0
0.0
0.0
0.0
0.0
0.0
0.0
12.916
0.0
0.0
0.0
0.0
0.0
0.0
0.0
0.0
0.0
0.0
0.0
0.0
0.0
0.0
0.0
0.0
0.0
0.0
0.0
0.0
0.0
0.0
0.0
0.0
0.0
0.0
0.0
3.552
0.0
0.0
0.0
0.0
0.0
0.0
0.0
0.0
10.466
10.466
0.0
0.0
0.0
0.0
0.0
0.0
0.0
0.0
0.0
0.0
0.0
0.0
0.0
0.0
0.0
0.0
0.0
0.0
0.0
0.0
0.0
0.0
0.0
0.0
0.0
0.0
0.0
5.673
0.0
5.673
5.673
0.0
0.0
0.0
4.336
4.336
0.0
0.0
0.0
0.0
0.0
2.801
0.0
2.801
0.0
0.0
0.0
0.0
0.0
7.424
0.0
0.0
3.44
0.0
0.0
0.0
6.88
0.0
0.0
1.958
3.915
0.0
0.0
0.0
0.0
9.812
0.0
0.0
9.708
4.854
0.0
0.0
0.0
0.0
6.668
0.0
7.62
0.0
0.0
0.0
12.366
0.0
4.797
19.189
4.797
4.797
19.189
0.0
0.0
0.0
0.0
0.0
15.844
0.0
0.0
0.0
36.215
11.045
0.0
19.329
0.0
0.0
0.0
5.709
17.126
0.0
0.0
0.0
0.0
15.382
8.056
9.906
17.28
0.0
0.0
0.0
0.0
0.0
0.0
0.0
0.0
14.444
0.0
0.0
0.0
13.604
0.0
0.0
16.554
8.277
0.0
0.0
0.0
0.0
0.0
0.0
0.0
0.0
0.0
0.0
0.0
0.0
0.0
0.0
0.0
0.0
0.0
0.0
0.0
0.0
0.0
0.0
0.0
0.0
0.0
0.0
0.0
0.0
0.0
0.0
0.0
5.383
0.0
0.0
0.0
6.948
8.278
0.0
0.0
0.0
0.0
0.0
0.0
0.0
0.0
0.0
0.0
0.0
0.0
0.0
0.0
0.0
0.0
0.0
0.0
0.0
33.668
0.0
0.0
0.0
0.0
0.0
0.0
0.0
0.0
0.0
0.0
0.0
0.0
0.0
0.0
0.0
0.0
0.0
0.0
0.0
0.0
0.0
0.0
0.0
15.102
0.0
0.0
0.0
0.0
0.0
0.0
0.0
0.0
0.0
18.374
0.0
0.0
18.374
0.0
0.0
0.0
0.0
0.0
0.0
0.0
0.0
0.0
0.0
21.074
0.0
0.0
0.0
0.0
0.0
0.0
9.51
0.0
0.0
0.0
0.0
0.0
6.916
6.916
0.0
0.0
0.0
7.515
0.0
0.0
0.0
0.0
0.0
0.0
0.0
0.0
0.0
0.0
0.0
0.0
0.0
0.0
8.358
0.0
0.0
0.0
0.0
0.0
0.0
0.0
8.5
3.476
0.0
0.0
3.476
6.952
3.139
0.0
3.139
0.0
0.0
11.575
0.0
0.0
0.0
0.0
0.0
0.0
0.0
0.0
0.0
0.0
0.0
3.086
3.086
0.0
0.0
5.931
0.0
0.0
0.0
0.0
0.0
0.0
0.0
0.0
0.0
0.0
0.0
0.0
0.0
0.0
0.0
0.0
0.0
0.0
0.0
0.0
0.0
0.0
0.0
8.711
0.0
0.0
0.0
0.0
0.0
0.0
0.0
0.0
0.0
0.0
0.0
0.0
0.0
0.0
7.079
0.0
0.0
0.0
0.0
0.0
0.0
0.0
0.0
0.0
0.0
13.242
0.0
0.0
0.0
7.316
0.0
0.0
0.0
0.0
0.0
0.0
0.0
0.0
0.0
0.0
8.971
21.176
7.059
0.0
0.0
0.0
0.0
0.0
0.0
0.0
0.0
0.0
0.0
12.757
0.0
0.0
0.0
8.632
6.371
0.0
0.0
0.0
0.0
10.609
6.36
6.36
19.081
0.0
0.0
0.0
0.0
13.695
0.0
0.0
0.0
0.0
0.0
0.0
0.0
0.0
0.0
0.0
0.0
0.0
0.0
0.0
11.171
0.0
4.887
14.662
0.0
9.252
0.0
0.0
0.0
0.0
0.0
0.0
0.0
5.297
5.533
6.323
0.0
0.0
0.0
2.362
0.0
2.362
2.362
0.0
3.024
3.024
6.048
0.0
3.024
0.0
0.0
0.0
0.0
0.0
0.0
0.0
0.0
0.0
19.983
5.024
0.0
5.024
5.024
5.024
0.0
0.0
0.0
4.462
17.847
0.0
0.0
0.0
0.0
8.537
0.0
0.0
0.0
14.131
0.0
0.0
0.0
9.012
0.0
34.534
0.0
0.0
0.0
0.0
21.054
0.0
7.504
0.0
0.0
0.0
22.511
0.0
21.07
9.218
18.436
0.0
0.0
0.0
8.832
35.327
0.0
0.0
8.929
0.0
17.857
0.0
0.0
25.039
0.0
0.0
25.039
0.0
26.522
13.261
0.0
0.0
0.0
15.719
0.0
0.0
0.0
28.451
14.226
0.0
0.0
0.0
0.0
0.0
0.0
16.38
0.0
0.0
0.0
0.0
0.0
0.0
0.0
0.0
0.0
0.0
0.0
0.0
0.0
0.0
0.0
0.0
0.0
0.0
0.0
0.0
0.0
0.0
0.0
0.0
0.0
0.0
0.0
0.0
0.0
0.0
0.0
0.0
75.325
0.0
0.0
0.0
0.0
0.0
0.0
0.0
0.0
0.0
0.0
19.691
0.0
0.0
0.0
0.0
0.0
0.0
0.0
0.0
0.0
0.0
25.268
12.634
0.0
0.0
25.312
0.0
0.0
0.0
0.0
0.0
0.0
0.0
0.0
0.0
0.0
7.477
0.0
0.0
7.477
0.0
0.0
0.0
16.253
0.0
0.0
0.0
0.0
8.079
0.0
0.0
0.0
0.0
0.0
0.0
0.0
0.0
0.0
0.0
0.0
0.0
0.0
18.264
0.0
0.0
0.0
0.0
0.0
0.0
0.0
0.0
0.0
6.158
0.0
6.158
0.0
0.0
4.671
4.671
0.0
0.0
0.0
0.0
11.683
0.0
0.0
5.494
5.494
0.0
5.494
0.0
0.0
6.393
0.0
0.0
0.0
0.0
0.0
0.0
0.0
0.0
0.0
4.782
0.0
0.0
0.0
0.0
0.0
0.0
0.0
0.0
0.0
0.0
0.0
0.0
0.0
0.0
0.0
0.0
0.0
0.0
0.0
0.0
0.0
0.0
8.137
0.0
1.246
4.983
0.0
0.0
0.0
0.0
0.0
0.0
0.0
0.0
0.0
0.0
0.0
4.578
0.0
0.0
0.0
0.0
0.0
0.0
0.0
0.0
0.0
0.0
0.0
7.38
0.0
0.0
0.0
0.0
0.0
0.0
0.0
0.0
0.0
0.0
0.0
0.0
0.0
0.0
0.0
0.0
0.0
0.0
0.0
0.0
0.0
0.0
0.0
0.0
0.0
0.0
0.0
0.0
0.0
8.768
6.986
0.0
0.0
0.0
0.0
0.0
0.0
0.0
0.0
0.0
0.0
0.0
0.0
0.0
0.0
0.0
0.0
0.0
0.0
0.0
0.0
0.0
0.0
18.396
0.0
0.0
0.0
0.0
7.59
0.0
46.671
0.0
0.0
0.0
0.0
6.35
12.699
0.0
6.35
6.35
0.0
0.0
0.0
0.0
0.0
13.46
0.0
0.0
0.0
4.487
0.0
0.0
0.0
0.0
4.714
11.651
11.651
0.0
0.0
0.0
0.0
0.0
7.088
7.088
0.0
16.296
0.0
0.0
0.0
0.0
0.0
0.0
4.421
8.842
8.842
0.0
5.407
5.407
0.0
5.407
8.049
16.098
0.0
0.0
8.049
8.213
8.213
4.106
4.106
4.106
23.276
0.0
0.0
0.0
0.0
0.0
18.93
0.0
0.0
6.31
12.62
0.0
0.0
0.0
0.0
0.0
0.0
7.999
0.0
7.999
0.0
0.0
0.0
0.0
9.175
9.175
8.227
0.0
0.0
0.0
0.0
0.0
0.0
0.0
0.0
30.422
0.0
0.0
0.0
0.0
0.0
0.0
0.0
0.0
0.0
0.0
0.0
0.0
0.0
0.0
0.0
0.0
0.0
0.0
0.0
0.0
0.0
0.0
0.0
0.0
0.0
0.0
0.0
0.0
42.45
0.0
0.0
30.485
0.0
7.621
7.621
0.0
0.0
0.0
0.0
15.337
0.0
0.0
0.0
8.766
0.0
0.0
0.0
0.0
0.0
0.0
0.0
0.0
0.0
0.0
0.0
0.0
0.0
0.0
0.0
0.0
0.0
0.0
0.0
0.0
0.0
0.0
0.0
0.0
10.685
0.0
0.0
16.027
15.287
0.0
0.0
0.0
5.096
0.0
0.0
0.0
0.0
12.568
0.0
8.602
0.0
0.0
0.0
0.0
8.813
0.0
0.0
0.0
0.0
0.0
0.0
0.0
0.0
0.0
0.0
0.0
0.0
0.0
0.0
0.0
0.0
5.44
5.44
0.0
14.709
0.0
0.0
0.0
0.0
0.0
0.0
0.0
0.0
0.0
7.777
7.777
7.777
0.0
7.777
0.0
4.96
4.96
4.96
0.0
0.0
8.75
4.375
4.375
0.0
0.0
0.0
0.0
0.0
6.488
0.0
0.0
8.035
0.0
0.0
0.0
0.0
0.0
0.0
0.0
0.0
0.0
0.0
0.0
0.0
0.0
0.0
0.0
0.0
0.0
0.0
0.0
0.0
0.0
0.0
12.677
0.0
0.0
0.0
0.0
0.0
0.0
0.0
0.0
0.0
0.0
5.839
2.919
0.0
0.0
0.0
0.0
0.0
0.0
0.0
0.0
0.0
0.0
0.0
0.0
0.0
0.0
0.0
0.0
0.0
0.0
0.0
0.0
0.0
0.0
12.488
0.0
0.0
0.0
0.0
0.0
0.0
0.0
0.0
0.0
0.0
0.0
0.0
0.0
0.0
0.0
0.0
0.0
0.0
0.0
0.0
0.0
0.0
0.0
0.0
0.0
0.0
0.0
0.0
0.0
0.0
0.0
0.0
0.0
0.0
0.0
0.0
4.048
0.0
0.0
4.048
4.048
3.201
0.0
3.201
10.311
0.0
0.0
0.0
10.311
0.0
0.0
4.837
0.0
0.0
0.0
9.248
4.046
8.092
0.0
7.558
3.779
3.779
7.558
3.779
4.343
4.343
0.0
0.0
0.0
11.955
0.0
5.977
0.0
0.0
0.0
23.836
5.959
35.753
0.0
0.0
0.0
0.0
0.0
0.0
9.481
2.866
2.866
0.0
11.463
0.0
11.281
3.76
7.521
0.0
0.0
4.023
0.0
0.0
0.0
8.046
10.059
0.0
0.0
20.118
0.0
0.0
6.648
13.297
6.648
0.0
0.0
0.0
0.0
17.083
0.0
0.0
0.0
8.282
4.141
12.422
4.74
0.0
0.0
4.74
14.221
0.0
0.0
0.0
8.761
17.521
0.0
12.127
6.064
6.064
24.255
6.064
15.561
7.781
0.0
0.0
23.342
0.0
0.0
5.409
5.409
0.0
24.309
0.0
6.077
0.0
0.0
0.0
4.328
4.328
0.0
0.0
0.0
10.689
10.689
21.377
0.0
0.0
12.956
0.0
12.956
12.956
0.0
0.0
0.0
0.0
29.685
0.0
0.0
0.0
0.0
0.0
0.0
0.0
0.0
0.0
0.0
0.0
0.0
0.0
0.0
0.0
0.0
0.0
0.0
0.0
0.0
0.0
0.0
0.0
0.0
0.0
0.0
0.0
0.0
0.0
0.0
0.0
7.035
0.0
0.0
0.0
0.0
0.0
0.0
0.0
6.489
0.0
0.0
5.521
0.0
0.0
0.0
0.0
0.0
0.0
0.0
4.742
0.0
0.0
0.0
0.0
0.0
0.0
0.0
0.0
0.0
0.0
0.0
0.0
0.0
19.488
19.488
0.0
0.0
30.511
0.0
0.0
0.0
0.0
5.724
0.0
0.0
0.0
0.0
0.0
0.0
0.0
0.0
0.0
0.0
0.0
0.0
0.0
0.0
0.0
0.0
0.0
0.0
0.0
0.0
0.0
0.0
0.0
0.0
0.0
3.499
3.499
0.0
0.0
0.0
0.0
0.0
0.0
0.0
12.413
8.276
8.276
0.0
0.0
0.0
6.382
0.0
0.0
0.0
0.0
0.0
0.0
0.0
0.0
0.0
0.0
0.0
0.0
0.0
0.0
0.0
21.748
0.0
0.0
12.077
12.077
0.0
0.0
0.0
0.0
0.0
0.0
0.0
0.0
0.0
0.0
0.0
0.0
0.0
6.069
6.069
0.0
0.0
0.0
0.0
0.0
0.0
0.0
0.0
0.0
0.0
0.0
0.0
0.0
0.0
0.0
0.0
0.0
0.0
0.0
0.0
0.0
0.0
0.0
0.0
0.0
0.0
0.0
0.0
0.0
3.476
0.0
0.0
3.476
0.0
5.672
0.0
0.0
0.0
5.672
0.0
4.088
0.0
0.0
0.0
0.0
0.0
0.0
0.0
0.0
0.0
0.0
0.0
0.0
0.0
0.0
0.0
0.0
0.0
0.0
0.0
0.0
0.0
0.0
0.0
0.0
0.0
0.0
0.0
0.0
6.254
0.0
0.0
4.467
0.0
0.0
0.0
0.0
0.0
0.0
0.0
0.0
5.763
8.645
2.882
0.0
0.0
6.992
0.0
4.502
0.0
4.502
0.0
0.0
4.063
0.0
0.0
0.0
12.189
0.0
6.759
0.0
0.0
3.38
0.0
0.0
0.0
0.0
3.237
0.0
0.0
6.409
0.0
0.0
0.0
0.0
4.042
20.212
0.0
0.0
0.0
0.0
0.0
0.0
4.958
9.557
4.779
21.845
9.557
14.336
0.0
0.0
10.749
0.0
7.166
5.738
17.214
17.214
17.214
0.0
3.881
0.0
0.0
0.0
0.0
3.805
0.0
0.0
3.805
0.0
10.803
10.803
5.402
0.0
0.0
26.373
0.0
0.0
8.791
0.0
5.966
5.966
0.0
0.0
0.0
0.0
0.0
8.983
0.0
8.983
10.623
15.935
0.0
0.0
0.0
0.0
9.221
18.443
9.221
0.0
0.0
7.395
3.698
3.698
7.395
3.698
40.806
0.0
6.801
6.801
27.204
0.0
9.479
0.0
21.667
0.0
22.417
0.0
11.209
11.209
0.0
0.0
0.0
0.0
0.0
0.0
0.0
57.135
0.0
0.0
0.0
0.0
0.0
0.0
0.0
33.055
0.0
0.0
0.0
0.0
0.0
0.0
0.0
0.0
0.0
0.0
0.0
0.0
0.0
0.0
0.0
0.0
0.0
0.0
0.0
0.0
0.0
0.0
0.0
0.0
0.0
0.0
0.0
0.0
0.0
0.0
7.633
0.0
0.0
0.0
0.0
7.12
0.0
0.0
5.408
0.0
0.0
0.0
0.0
0.0
0.0
0.0
5.433
0.0
0.0
0.0
0.0
15.437
0.0
0.0
5.007
0.0
0.0
0.0
0.0
0.0
0.0
0.0
0.0
0.0
0.0
15.088
0.0
0.0
0.0
0.0
0.0
0.0
0.0
2.783
2.783
0.0
0.0
0.0
0.0
0.0
21.675
0.0
0.0
0.0
0.0
0.0
0.0
0.0
0.0
0.0
0.0
0.0
0.0
0.0
0.0
0.0
0.0
0.0
4.529
0.0
0.0
4.529
0.0
0.0
0.0
0.0
0.0
0.0
5.515
0.0
0.0
0.0
0.0
22.722
15.148
15.148
0.0
0.0
0.0
0.0
0.0
3.794
3.794
14.373
0.0
0.0
0.0
8.385
0.0
0.0
0.0
0.0
0.0
0.0
0.0
0.0
0.0
0.0
0.0
0.0
5.359
0.0
0.0
2.241
0.0
0.0
0.0
2.241
3.836
1.918
0.0
0.0
3.836
2.684
0.0
2.684
0.0
2.684
0.0
0.0
0.0
0.0
2.789
0.0
0.0
0.0
0.0
0.0
0.0
0.0
0.0
0.0
0.0
0.0
0.0
0.0
0.0
0.0
0.0
0.0
0.0
0.0
0.0
0.0
0.0
0.0
3.982
0.0
0.0
1.26
1.26
0.0
3.781
1.26
0.0
0.0
0.0
0.0
0.0
0.0
0.0
0.0
0.0
0.0
0.0
0.0
0.0
0.0
0.0
0.0
0.0
0.0
0.0
0.0
0.0
0.0
0.0
0.0
6.719
6.719
0.0
0.0
0.0
0.0
0.0
6.747
0.0
0.0
0.0
0.0
0.0
3.263
3.263
3.263
13.05
7.057
0.0
0.0
6.537
3.269
6.537
0.0
0.0
0.0
0.0
0.0
16.449
8.225
0.0
0.0
3.9
0.0
0.0
0.0
0.0
0.0
13.311
11.409
0.0
0.0
2.737
0.0
8.211
5.392
0.0
0.0
0.0
4.718
0.0
7.196
6.296
9.445
0.0
0.0
8.023
0.0
0.0
0.0
0.0
14.434
9.622
4.811
0.0
28.867
4.351
0.0
0.0
21.756
4.351
0.0
0.0
3.81
0.0
0.0
0.0
16.196
0.0
5.399
6.17
0.0
0.0
0.0
0.0
7.956
11.182
0.0
0.0
0.0
0.0
12.57
25.14
0.0
0.0
0.0
0.0
0.0
0.0
0.0
0.0
0.0
0.0
0.0
5.203
5.203
3.754
0.0
11.261
11.261
0.0
3.754
4.019
12.057
0.0
4.019
8.038
0.0
51.451
0.0
0.0
0.0
29.001
0.0
9.667
0.0
0.0
0.0
0.0
75.448
0.0
0.0
6.485
25.938
0.0
0.0
0.0
0.0
0.0
0.0
0.0
0.0
0.0
0.0
0.0
0.0
0.0
0.0
0.0
0.0
0.0
0.0
0.0
0.0
0.0
0.0
0.0
35.005
0.0
0.0
0.0
0.0
0.0
0.0
0.0
0.0
0.0
0.0
0.0
0.0
0.0
0.0
0.0
0.0
0.0
0.0
0.0
0.0
0.0
0.0
0.0
0.0
5.833
8.552
0.0
5.062
0.0
0.0
0.0
0.0
0.0
0.0
0.0
0.0
0.0
0.0
0.0
0.0
0.0
0.0
0.0
6.215
0.0
0.0
0.0
0.0
0.0
0.0
0.0
0.0
0.0
0.0
0.0
0.0
0.0
0.0
0.0
0.0
0.0
0.0
0.0
0.0
0.0
0.0
0.0
0.0
0.0
0.0
0.0
0.0
0.0
0.0
0.0
40.153
0.0
3.476
0.0
0.0
3.476
0.0
0.0
0.0
0.0
0.0
0.0
0.0
0.0
34.839
0.0
4.327
8.655
0.0
0.0
0.0
3.207
3.665
0.0
0.0
0.0
0.0
0.0
0.0
0.0
0.0
10.751
0.0
0.0
0.0
6.848
0.0
6.933
0.0
0.0
13.866
6.933
0.0
0.0
0.0
0.0
0.0
0.0
9.622
19.243
0.0
0.0
0.0
0.0
0.0
7.053
0.0
0.0
0.0
0.0
0.0
0.0
0.0
0.0
1.894
0.0
0.0
0.785
0.0
0.0
0.0
0.0
0.0
0.0
0.0
7.912
3.956
0.909
0.0
0.0
0.0
0.0
0.0
0.0
0.0
0.0
0.0
0.0
0.0
0.0
0.0
0.0
3.308
0.0
0.0
0.0
0.0
0.0
0.0
0.0
6.824
10.236
0.0
0.0
0.0
0.0
0.0
0.0
0.0
0.0
0.0
0.0
2.497
0.0
0.0
0.0
0.0
0.0
0.0
0.0
0.0
0.0
0.0
0.0
0.0
0.0
0.0
0.0
0.0
0.0
0.0
0.0
0.0
0.0
0.0
0.0
0.0
7.561
22.684
0.0
0.0
0.0
0.0
0.0
5.05
0.0
0.0
5.05
0.0
0.0
0.0
12.15
0.0
0.0
3.388
3.388
3.388
0.0
0.0
0.0
0.0
0.0
0.0
0.0
0.0
0.0
0.0
3.708
8.405
4.202
0.0
8.405
8.405
2.755
0.0
8.265
0.0
2.755
4.346
1.449
1.449
0.0
4.346
0.0
8.97
17.941
4.485
0.0
0.0
0.0
0.0
0.0
0.0
0.0
0.0
0.0
5.793
2.896
5.793
0.0
0.0
0.0
2.475
0.0
0.0
3.848
3.848
0.0
0.0
1.975
5.925
3.95
7.9
0.0
0.0
0.0
0.0
0.0
0.0
14.145
0.0
0.0
0.0
0.0
17.2
8.6
0.0
17.2
25.8
8.293
0.0
8.293
0.0
0.0
0.0
8.361
8.361
0.0
0.0
23.272
0.0
0.0
0.0
0.0
15.515
7.551
0.0
7.551
22.653
0.0
7.308
7.308
0.0
14.615
0.0
0.0
0.0
0.0
15.063
0.0
0.0
0.0
0.0
0.0
0.0
0.0
0.0
0.0
0.0
0.0
0.0
0.0
0.0
0.0
0.0
0.0
0.0
0.0
0.0
0.0
0.0
0.0
0.0
19.172
19.172
0.0
0.0
0.0
0.0
0.0
0.0
0.0
0.0
0.0
0.0
0.0
0.0
0.0
0.0
0.0
0.0
0.0
0.0
0.0
0.0
0.0
0.0
0.0
0.0
0.0
6.622
0.0
0.0
0.0
0.0
0.0
0.0
0.0
0.0
0.0
0.0
0.0
0.0
0.0
0.0
0.0
0.0
0.0
0.0
0.0
0.0
6.802
0.0
10.911
0.0
0.0
7.34
0.0
6.524
5.708
0.0
0.0
11.916
0.0
0.0
0.0
0.0
37.289
0.0
12.43
0.0
0.0
0.0
0.0
18.336
0.0
0.0
0.0
0.0
0.0
0.0
16.463
10.479
0.0
0.0
10.479
20.958
0.0
0.0
0.0
15.972
0.0
0.0
0.0
0.0
8.316
8.316
0.0
0.0
0.0
0.0
0.0
0.0
8.672
0.0
0.0
8.672
0.0
0.0
0.0
0.0
10.96
0.0
0.0
0.0
0.0
0.0
0.0
0.0
6.36
0.0
6.36
0.0
0.0
0.0
0.0
0.0
4.647
0.0
0.0
0.0
0.0
4.945
0.0
0.0
6.344
0.0
0.0
8.86
0.0
0.0
8.86
0.0
0.0
0.0
0.0
2.152
0.0
0.0
0.0
0.0
1.659
0.0
0.0
0.0
0.0
0.0
0.0
0.0
0.0
1.456
0.0
0.0
0.0
0.0
0.0
0.0
0.0
0.0
0.0
0.0
0.0
13.204
0.0
0.0
0.0
0.0
0.0
0.0
0.0
0.0
0.0
0.0
5.438
0.0
0.0
0.0
0.0
0.0
0.0
0.0
0.0
0.0
0.0
0.0
0.0
0.0
0.0
0.0
0.0
0.0
0.0
0.0
2.822
0.0
0.0
0.0
0.0
0.0
0.0
0.0
0.0
0.0
0.0
0.0
12.865
0.0
0.0
0.0
3.216
0.0
5.985
8.978
0.0
0.0
0.0
0.0
0.0
0.0
0.0
4.065
0.0
0.0
0.0
4.065
6.708
0.0
0.0
0.0
0.0
13.642
9.094
0.0
0.0
0.0
7.983
13.97
13.97
7.398
0.0
29.593
0.0
0.0
0.0
7.764
0.0
7.764
7.764
13.961
0.0
6.981
13.961
0.0
19.843
0.0
0.0
0.0
0.0
0.0
0.0
0.0
0.0
3.421
0.0
0.0
0.0
0.0
0.0
0.0
0.0
0.0
0.0
0.0
20.964
2.409
0.0
4.984
0.0
2.409
0.0
7.188
10.782
3.594
0.0
0.0
0.0
0.0
17.892
0.0
0.0
0.0
8.919
17.839
0.0
14.782
0.0
0.0
0.0
0.0
0.0
0.0
0.0
0.0
0.0
0.0
13.564
27.129
0.0
0.0
0.0
0.0
13.002
0.0
0.0
20.22
10.11
0.0
0.0
10.11
20.22
0.0
0.0
20.472
20.472
20.472
0.0
0.0
0.0
0.0
0.0
28.493
0.0
0.0
0.0
28.493
0.0
0.0
0.0
0.0
0.0
0.0
0.0
9.364
0.0
0.0
0.0
0.0
0.0
0.0
0.0
0.0
0.0
0.0
0.0
0.0
0.0
0.0
0.0
0.0
0.0
0.0
0.0
17.991
0.0
0.0
0.0
0.0
0.0
0.0
0.0
0.0
0.0
18.011
0.0
0.0
0.0
0.0
0.0
0.0
0.0
0.0
0.0
0.0
0.0
0.0
0.0
0.0
0.0
0.0
0.0
0.0
0.0
0.0
0.0
0.0
0.0
0.0
0.0
0.0
0.0
0.0
0.0
0.0
0.0
0.0
0.0
0.0
0.0
0.0
63.208
0.0
0.0
0.0
0.0
0.0
0.0
0.0
0.0
0.0
0.0
0.0
0.0
0.0
0.0
0.0
0.0
0.0
0.0
0.0
0.0
0.0
0.0
0.0
0.0
0.0
0.0
0.0
0.0
54.265
0.0
0.0
0.0
0.0
0.0
0.0
0.0
10.144
0.0
0.0
30.198
0.0
0.0
0.0
0.0
0.0
0.0
0.0
6.258
0.0
0.0
6.258
12.515
0.0
0.0
0.0
9.732
0.0
0.0
0.0
0.0
0.0
6.053
0.0
19.396
0.0
8.486
8.486
8.486
0.0
0.0
0.0
0.0
0.0
0.0
11.226
0.0
0.0
0.0
0.0
0.0
0.0
2.442
0.0
0.0
4.816
0.0
0.0
4.816
0.0
0.0
0.0
0.0
0.0
5.192
5.192
0.0
0.0
0.0
5.995
0.0
5.995
0.0
0.0
0.0
0.0
0.0
0.0
0.0
0.0
0.0
6.899
0.0
0.0
0.0
0.0
0.0
0.0
0.0
0.0
0.0
0.0
0.0
0.0
0.0
0.0
0.0
0.0
0.0
7.466
0.0
3.994
3.994
0.0
0.0
0.0
0.0
0.0
0.0
0.0
7.511
0.0
0.0
0.0
0.0
0.0
0.0
0.0
0.0
0.0
0.0
0.0
0.0
0.0
0.0
0.0
0.0
2.784
0.0
0.0
0.0
7.309
0.0
0.0
0.0
0.0
0.0
3.884
0.0
3.884
5.827
0.0
0.0
5.661
0.0
0.0
0.0
4.802
0.0
0.0
0.0
2.292
0.0
0.0
0.0
10.934
0.0
0.0
0.0
0.0
0.0
0.0
0.0
0.0
0.0
2.117
6.352
0.0
4.235
10.262
10.262
0.0
0.0
0.0
19.686
9.843
0.0
0.0
0.0
0.0
0.0
4.919
0.0
0.0
4.919
0.0
0.0
0.0
0.0
15.281
0.0
0.0
0.0
3.353
3.353
0.0
0.0
0.0
0.0
0.0
0.0
0.0
0.0
5.778
0.0
7.548
0.0
2.516
10.064
7.548
0.0
9.787
9.787
0.0
4.894
0.0
0.0
0.0
0.0
7.652
10.6
5.3
5.3
0.0
21.201
7.392
0.0
22.177
7.392
7.392
28.575
17.145
0.0
0.0
0.0
0.0
0.0
21.093
0.0
7.031
8.359
0.0
16.719
0.0
0.0
0.0
0.0
0.0
29.915
0.0
0.0
0.0
16.084
32.168
16.084
0.0
19.609
0.0
0.0
0.0
19.609
0.0
10.699
5.349
5.349
10.699
0.0
0.0
0.0
0.0
0.0
0.0
0.0
0.0
0.0
0.0
0.0
0.0
0.0
0.0
0.0
0.0
0.0
0.0
0.0
0.0
0.0
0.0
0.0
0.0
0.0
0.0
0.0
0.0
0.0
0.0
0.0
0.0
0.0
0.0
0.0
0.0
0.0
0.0
0.0
20.314
40.628
11.275
5.088
0.0
0.0
0.0
0.0
0.0
0.0
0.0
0.0
0.0
0.0
0.0
0.0
0.0
6.252
0.0
0.0
0.0
0.0
0.0
0.0
0.0
0.0
0.0
0.0
0.0
0.0
0.0
0.0
7.083
0.0
0.0
47.201
0.0
0.0
0.0
34.03
0.0
0.0
0.0
0.0
0.0
0.0
0.0
16.577
12.168
0.0
0.0
0.0
0.0
0.0
0.0
0.0
0.0
0.0
0.0
9.189
0.0
0.0
0.0
0.0
0.0
0.0
0.0
0.0
0.0
0.0
0.0
0.0
0.0
12.404
12.404
0.0
0.0
0.0
0.0
0.0
0.0
29.884
0.0
0.0
0.0
10.0
0.0
0.0
0.0
0.0
0.0
16.919
8.46
0.0
3.652
0.0
0.0
0.0
0.0
0.0
0.0
0.0
0.0
0.0
0.0
5.011
10.022
0.0
0.0
0.0
0.0
0.0
0.0
0.0
0.0
0.0
0.0
0.0
0.0
0.0
0.0
0.0
0.0
0.0
0.0
0.0
3.006
0.0
0.0
0.0
0.0
0.0
0.0
0.0
0.0
0.0
0.0
0.0
0.0
3.676
3.676
0.0
0.0
0.0
0.0
0.0
0.0
0.0
0.0
0.0
0.0
0.0
0.0
0.0
0.0
0.0
0.0
2.27
0.0
0.0
0.0
0.0
0.0
0.0
0.0
0.0
0.0
0.0
0.0
0.0
0.0
0.0
0.0
0.0
0.0
0.0
0.0
0.0
0.0
0.0
0.0
0.0
0.0
0.0
3.902
0.0
0.0
0.0
0.0
0.0
0.0
0.0
0.0
7.905
11.858
0.0
0.0
1.406
0.0
0.0
0.0
0.0
0.0
0.0
0.0
5.319
3.026
15.129
9.077
0.0
0.0
0.0
0.0
0.0
0.0
0.0
0.0
0.0
0.0
0.0
0.0
0.0
0.0
0.0
0.0
0.0
0.0
0.0
0.0
12.266
0.0
0.0
0.0
0.0
0.0
0.0
0.0
0.0
0.0
31.431
0.0
0.0
0.0
20.954
0.0
7.905
23.714
0.0
7.905
15.809
0.0
14.96
0.0
0.0
0.0
0.0
0.0
3.018
0.0
0.0
0.0
0.0
4.398
0.0
0.0
0.0
4.182
0.0
4.182
0.0
4.03
0.0
0.0
0.0
0.0
0.0
0.0
0.0
9.128
0.0
0.0
0.0
3.244
0.0
6.488
46.105
0.0
0.0
9.221
0.0
3.935
0.0
7.871
0.0
0.0
18.543
6.181
0.0
0.0
0.0
0.0
20.104
0.0
10.052
5.026
0.0
0.0
61.232
12.246
12.246
12.246
0.0
15.477
0.0
0.0
5.159
0.0
10.433
0.0
0.0
0.0
0.0
0.0
0.0
0.0
13.062
0.0
0.0
13.272
13.272
13.272
0.0
0.0
0.0
0.0
0.0
0.0
0.0
0.0
0.0
33.954
0.0
0.0
0.0
0.0
0.0
0.0
0.0
0.0
0.0
0.0
0.0
14.129
14.129
0.0
14.129
40.929
0.0
0.0
0.0
27.286
0.0
0.0
0.0
0.0
0.0
0.0
0.0
0.0
0.0
0.0
0.0
0.0
0.0
0.0
0.0
0.0
0.0
0.0
0.0
0.0
0.0
0.0
0.0
0.0
0.0
32.291
0.0
0.0
0.0
0.0
0.0
0.0
12.523
0.0
0.0
12.523
25.045
32.461
0.0
10.82
0.0
0.0
0.0
0.0
0.0
43.027
0.0
0.0
0.0
0.0
0.0
29.802
0.0
0.0
0.0
0.0
42.251
0.0
0.0
0.0
0.0
0.0
0.0
0.0
21.219
0.0
0.0
0.0
0.0
0.0
8.975
0.0
23.218
0.0
0.0
7.739
0.0
4.67
0.0
4.67
0.0
0.0
0.0
0.0
7.198
7.198
0.0
2.536
0.0
5.072
2.536
5.072
0.0
10.318
0.0
0.0
0.0
0.0
4.886
0.0
0.0
4.886
0.0
0.0
0.0
0.0
0.0
0.0
0.0
6.115
0.0
0.0
0.0
9.65
0.0
0.0
0.0
0.0
8.132
0.0
0.0
0.0
0.0
6.304
0.0
0.0
3.152
0.0
0.0
0.0
0.0
13.656
0.0
0.0
2.466
0.0
0.0
0.0
0.0
0.0
0.0
0.0
0.0
0.0
0.0
0.0
0.0
0.0
0.0
0.0
0.0
0.0
0.0
0.0
0.0
0.0
0.0
0.0
0.0
4.419
0.0
0.0
0.0
0.0
0.0
1.995
0.0
0.0
0.0
0.0
0.0
0.0
0.0
0.0
5.724
0.0
0.0
0.0
0.0
0.0
0.0
0.0
0.0
0.0
0.0
0.0
0.0
0.0
0.0
0.0
0.0
0.0
0.0
0.0
0.0
0.0
0.0
8.167
0.0
0.0
0.0
0.0
0.0
0.0
0.0
0.0
0.0
0.0
0.0
0.0
0.0
0.0
0.0
0.0
0.0
0.0
1.537
1.537
3.075
0.0
0.0
0.0
0.0
0.0
4.443
6.664
0.0
0.0
4.443
1.974
3.947
3.947
0.0
1.974
0.0
0.0
11.975
0.0
0.0
0.0
0.0
2.681
2.681
2.681
0.0
0.0
0.0
0.0
0.0
31.648
0.0
15.308
10.205
0.0
15.308
0.0
0.0
0.0
0.0
7.847
0.0
0.0
0.0
0.0
0.0
0.0
16.045
8.022
0.0
0.0
0.0
0.0
0.0
0.0
43.064
0.0
14.512
4.837
9.675
14.512
0.0
0.0
14.874
0.0
9.916
0.0
2.797
0.0
5.594
5.594
12.193
0.0
18.289
12.193
6.096
9.101
0.0
9.101
9.101
0.0
0.0
6.339
0.0
16.639
16.639
7.298
0.0
29.193
7.298
14.596
7.298
0.0
0.0
25.884
0.0
0.0
11.357
11.357
5.678
0.0
5.678
0.0
0.0
0.0
43.952
0.0
21.36
32.04
0.0
0.0
0.0
0.0
0.0
0.0
0.0
0.0
0.0
24.887
0.0
0.0
24.887
0.0
13.182
0.0
0.0
0.0
0.0
0.0
0.0
0.0
0.0
0.0
0.0
0.0
0.0
0.0
0.0
0.0
15.153
15.153
0.0
0.0
37.481
0.0
0.0
0.0
12.109
24.217
0.0
0.0
0.0
12.109
0.0
0.0
0.0
0.0
0.0
0.0
0.0
0.0
0.0
0.0
0.0
0.0
0.0
0.0
0.0
0.0
0.0
0.0
0.0
0.0
0.0
0.0
0.0
0.0
35.991
0.0
0.0
17.664
0.0
0.0
17.664
0.0
0.0
0.0
0.0
0.0
0.0
0.0
0.0
0.0
0.0
0.0
0.0
0.0
0.0
0.0
0.0
0.0
24.11
0.0
8.037
0.0
20.717
6.906
0.0
0.0
0.0
0.0
17.526
0.0
0.0
4.605
0.0
4.605
0.0
0.0
17.356
0.0
0.0
0.0
0.0
5.465
5.465
0.0
0.0
0.0
0.0
7.849
0.0
0.0
0.0
0.0
0.0
0.0
0.0
0.0
0.0
3.954
0.0
0.0
0.0
0.0
17.05
5.683
0.0
11.367
0.0
0.0
0.0
0.0
0.0
12.92
0.0
0.0
52.884
0.0
0.0
0.0
0.0
0.0
0.0
0.0
0.0
0.0
0.0
0.0
0.0
0.0
0.0
0.0
0.0
0.0
0.0
0.0
0.0
0.0
43.722
5.257
0.0
0.0
0.0
0.0
2.908
0.0
0.0
2.908
0.0
4.851
2.426
0.0
0.0
0.0
0.0
0.0
0.0
0.0
0.0
0.0
0.0
0.0
0.0
0.0
0.0
1.828
0.0
1.828
0.0
0.0
0.0
0.0
0.0
3.137
0.0
0.0
0.0
0.0
0.0
0.0
0.0
0.0
0.0
2.489
0.0
0.0
0.0
0.0
0.0
1.315
0.0
0.0
0.0
0.0
4.207
4.207
0.0
0.0
3.887
0.0
0.0
0.0
0.0
0.0
0.0
0.0
11.757
0.0
0.0
5.878
11.757
0.0
0.0
0.0
0.0
0.0
0.0
0.0
0.0
0.0
0.0
6.897
0.0
0.0
0.0
3.223
0.0
0.0
0.0
14.84
7.42
22.26
7.42
0.0
10.271
0.0
15.406
10.271
0.0
7.13
0.0
0.0
0.0
0.0
0.0
0.0
0.0
0.0
0.0
0.0
0.0
0.0
12.544
0.0
6.272
0.0
0.0
0.0
0.0
5.409
0.0
0.0
25.555
0.0
0.0
0.0
0.0
26.966
0.0
0.0
26.297
0.0
0.0
6.574
0.0
0.0
0.0
0.0
12.094
0.0
0.0
8.595
0.0
0.0
0.0
5.803
0.0
23.21
0.0
11.605
0.0
15.251
0.0
15.251
22.876
0.0
0.0
0.0
0.0
0.0
0.0
3.66
0.0
3.66
0.0
0.0
0.0
0.0
0.0
9.576
0.0
0.0
0.0
13.26
13.26
0.0
0.0
0.0
0.0
0.0
0.0
4.942
0.0
0.0
4.942
19.769
43.623
10.906
10.906
21.812
0.0
15.04
0.0
0.0
15.04
7.52
0.0
0.0
0.0
30.48
10.16
38.638
0.0
38.638
0.0
9.659
0.0
0.0
0.0
0.0
0.0
44.911
0.0
44.911
0.0
0.0
0.0
0.0
0.0
0.0
0.0
0.0
27.922
0.0
0.0
0.0
0.0
0.0
0.0
0.0
0.0
0.0
0.0
0.0
0.0
0.0
0.0
0.0
0.0
0.0
0.0
0.0
0.0
0.0
0.0
0.0
0.0
0.0
0.0
0.0
0.0
0.0
0.0
0.0
0.0
0.0
0.0
0.0
0.0
0.0
0.0
35.012
0.0
0.0
0.0
0.0
0.0
0.0
0.0
0.0
0.0
0.0
0.0
0.0
0.0
0.0
0.0
0.0
0.0
0.0
0.0
0.0
0.0
0.0
0.0
0.0
0.0
23.937
0.0
0.0
0.0
0.0
0.0
0.0
0.0
0.0
0.0
0.0
0.0
0.0
0.0
0.0
0.0
0.0
0.0
0.0
0.0
0.0
0.0
0.0
0.0
0.0
0.0
0.0
0.0
0.0
18.396
0.0
0.0
0.0
0.0
0.0
0.0
0.0
0.0
0.0
0.0
0.0
0.0
0.0
0.0
4.1
4.1
4.1
0.0
0.0
0.0
0.0
0.0
0.0
0.0
0.0
0.0
9.526
0.0
0.0
0.0
0.0
0.0
0.0
0.0
0.0
0.0
0.0
0.0
0.0
0.0
0.0
0.0
0.0
0.0
1.556
0.0
1.556
0.0
0.0
0.0
4.26
0.0
0.0
0.0
0.0
0.0
0.0
0.0
0.0
3.469
0.0
0.0
0.0
0.0
0.0
0.0
0.0
17.081
0.0
0.0
0.0
0.0
0.0
0.0
0.0
0.0
0.0
0.0
0.0
0.0
0.0
1.109
0.0
0.0
0.0
0.0
0.0
5.605
2.419
0.0
0.0
0.0
0.0
0.0
0.0
0.0
0.0
0.0
0.0
12.33
0.0
0.0
0.0
0.0
0.0
0.0
0.0
0.0
0.0
0.0
0.0
0.0
5.172
5.172
0.0
0.0
0.0
42.883
0.0
0.0
0.0
0.0
0.0
0.0
0.0
0.0
0.0
0.0
13.993
8.557
0.0
0.0
0.0
0.0
2.736
0.0
5.472
17.306
0.0
0.0
17.306
17.306
0.0
0.0
8.429
25.286
0.0
4.303
0.0
0.0
0.0
12.909
0.0
0.0
0.0
0.0
0.0
0.0
0.0
0.0
0.0
6.72
0.0
3.473
0.0
6.945
0.0
0.0
0.0
0.0
0.0
0.0
7.021
0.0
0.0
0.0
3.259
6.518
0.0
9.363
0.0
0.0
6.242
0.0
3.875
0.0
7.751
0.0
3.18
4.77
3.18
0.0
0.0
0.0
12.611
4.204
0.0
12.611
0.0
11.475
3.825
0.0
0.0
0.0
0.0
9.433
0.0
0.0
0.0
30.147
0.0
0.0
0.0
7.444
0.0
0.0
0.0
0.0
20.516
13.678
0.0
0.0
20.516
0.0
8.032
0.0
0.0
16.065
0.0
0.0
30.172
0.0
15.086
15.086
0.0
0.0
0.0
0.0
17.524
39.91
0.0
0.0
0.0
29.932
25.166
0.0
0.0
0.0
12.583
0.0
0.0
4.637
0.0
0.0
18.855
18.855
0.0
18.855
18.855
0.0
0.0
0.0
0.0
0.0
0.0
0.0
0.0
0.0
0.0
0.0
0.0
0.0
0.0
0.0
0.0
0.0
0.0
0.0
0.0
0.0
0.0
0.0
0.0
0.0
0.0
0.0
0.0
0.0
0.0
0.0
0.0
0.0
0.0
12.342
0.0
0.0
0.0
0.0
0.0
0.0
0.0
0.0
0.0
0.0
40.113
0.0
0.0
0.0
0.0
0.0
0.0
0.0
0.0
0.0
0.0
7.285
0.0
0.0
0.0
0.0
0.0
0.0
11.181
0.0
0.0
0.0
10.464
0.0
0.0
5.232
5.232
0.0
0.0
29.26
14.63
14.63
0.0
0.0
10.436
20.871
0.0
0.0
0.0
0.0
0.0
8.349
0.0
0.0
10.492
0.0
0.0
8.006
8.006
0.0
0.0
16.012
6.222
0.0
0.0
0.0
0.0
0.0
6.435
0.0
0.0
19.306
0.0
0.0
0.0
0.0
0.0
4.4
0.0
0.0
0.0
4.4
0.0
6.823
0.0
0.0
0.0
6.823
0.0
9.073
18.145
0.0
0.0
0.0
0.0
0.0
0.0
0.0
12.031
0.0
0.0
0.0
0.0
22.77
11.385
0.0
0.0
0.0
0.0
8.062
0.0
0.0
0.0
0.0
0.0
0.0
0.0
3.531
0.0
0.0
0.0
0.0
0.0
0.0
0.0
0.0
0.0
0.0
0.0
0.0
0.0
0.0
0.0
0.0
0.0
0.0
0.0
0.0
0.0
0.0
0.0
0.0
16.665
0.0
0.0
0.0
0.0
0.0
0.0
0.0
4.711
0.0
0.0
0.0
0.0
0.0
0.0
0.0
0.0
0.0
0.0
0.0
0.0
0.0
0.0
0.0
0.0
0.0
0.0
0.0
5.882
0.0
0.0
0.0
0.0
0.0
0.0
7.682
0.0
0.0
0.0
0.0
0.0
0.0
20.264
0.0
0.0
0.0
0.0
14.226
0.0
8.587
12.88
0.0
0.0
0.0
9.455
37.819
0.0
9.455
6.285
0.0
0.0
5.479
2.74
0.0
0.0
2.74
0.0
0.0
0.0
0.0
6.587
3.745
3.745
0.0
0.0
7.489
3.814
0.0
3.337
0.0
0.0
0.0
7.141
0.0
0.0
3.57
2.402
0.0
2.402
0.0
7.205
0.0
0.0
0.0
14.392
0.0
0.0
0.0
0.0
0.0
9.65
9.65
0.0
0.0
2.336
0.0
0.0
0.0
7.796
7.796
0.0
0.0
0.0
0.0
3.49
3.49
6.981
0.0
0.0
6.763
13.526
6.763
0.0
6.994
0.0
20.982
0.0
0.0
0.0
11.259
11.259
0.0
0.0
0.0
0.0
37.835
0.0
0.0
0.0
0.0
30.483
0.0
5.949
5.949
0.0
0.0
11.898
5.158
5.158
5.158
0.0
10.315
0.0
3.922
0.0
3.922
7.845
3.922
0.0
7.384
3.692
14.767
0.0
0.0
28.528
0.0
0.0
0.0
0.0
5.429
5.429
5.429
0.0
0.0
0.0
0.0
39.397
0.0
0.0
23.0
0.0
0.0
0.0
0.0
0.0
35.363
0.0
0.0
0.0
0.0
0.0
0.0
52.931
0.0
0.0
0.0
0.0
14.5
0.0
0.0
22.765
0.0
0.0
24.813
0.0
0.0
0.0
0.0
0.0
0.0
0.0
0.0
0.0
0.0
0.0
0.0
0.0
6.879
0.0
0.0
0.0
0.0
0.0
0.0
0.0
0.0
7.473
0.0
0.0
0.0
0.0
0.0
0.0
0.0
0.0
0.0
0.0
0.0
0.0
7.446
7.916
0.0
0.0
0.0
5.51
0.0
0.0
0.0
0.0
0.0
0.0
0.0
0.0
0.0
0.0
0.0
0.0
0.0
0.0
0.0
0.0
0.0
0.0
0.0
9.24
0.0
0.0
0.0
0.0
0.0
8.926
8.926
8.926
8.926
8.926
0.0
0.0
0.0
0.0
0.0
0.0
0.0
0.0
0.0
0.0
0.0
11.712
0.0
0.0
0.0
0.0
0.0
6.267
6.267
0.0
0.0
25.43
6.358
12.715
19.073
20.343
0.0
0.0
0.0
0.0
10.172
0.0
0.0
0.0
0.874
0.0
1.337
1.337
0.0
0.0
0.0
0.0
4.068
0.0
0.0
0.0
0.0
0.0
0.0
0.0
0.0
0.0
6.484
0.0
6.484
0.0
0.0
0.0
0.0
0.0
0.0
0.0
0.0
0.0
0.0
0.0
0.0
0.0
0.0
0.0
0.0
0.0
0.0
0.0
0.0
0.0
0.0
0.0
0.0
3.225
0.0
0.0
0.0
0.0
0.0
0.0
4.809
0.0
0.0
2.404
0.0
0.0
0.0
0.0
0.0
0.0
0.0
0.0
0.0
0.0
0.0
0.0
0.0
0.0
0.0
0.0
0.0
0.0
0.0
0.0
0.0
0.0
0.0
7.072
0.0
0.0
0.0
0.0
0.0
8.276
0.0
4.138
0.0
0.0
4.056
0.0
0.0
4.056
0.0
0.0
0.0
0.0
0.0
0.0
0.0
0.0
0.0
0.0
0.0
0.0
18.21
18.21
0.0
9.185
0.0
9.185
0.0
0.0
2.445
0.0
2.445
2.445
0.0
0.0
0.0
2.583
5.165
0.0
0.0
0.0
0.0
0.0
0.0
0.0
0.0
0.0
5.139
0.0
4.418
2.209
0.0
0.0
0.0
0.0
0.0
4.925
4.925
4.489
0.0
8.977
0.0
13.466
0.0
0.0
9.476
9.476
4.738
0.0
4.345
0.0
0.0
8.689
4.345
0.0
0.0
0.0
0.0
0.0
5.084
15.251
0.0
2.542
5.084
0.0
0.0
0.0
0.0
13.884
0.0
0.0
0.0
0.0
0.0
0.0
0.0
7.63
22.89
0.0
0.0
0.0
5.875
5.875
0.0
0.0
0.0
17.29
17.29
0.0
0.0
0.0
0.0
23.583
0.0
7.298
0.0
0.0
0.0
7.298
21.334
0.0
0.0
0.0
14.222
0.0
0.0
15.829
7.915
0.0
7.915
0.0
0.0
0.0
0.0
0.0
0.0
23.799
0.0
0.0
0.0
9.171
18.342
0.0
0.0
0.0
19.929
0.0
0.0
29.893
0.0
0.0
0.0
0.0
0.0
0.0
0.0
7.959
6.257
6.386
0.0
0.0
0.0
0.0
0.0
0.0
0.0
0.0
0.0
0.0
7.348
0.0
0.0
0.0
0.0
0.0
0.0
0.0
0.0
0.0
0.0
0.0
0.0
0.0
0.0
0.0
0.0
6.442
0.0
0.0
0.0
0.0
0.0
0.0
0.0
0.0
0.0
0.0
0.0
0.0
0.0
0.0
0.0
0.0
0.0
11.451
0.0
0.0
8.021
6.93
0.0
0.0
0.0
0.0
7.686
0.0
0.0
0.0
0.0
0.0
0.0
0.0
0.0
0.0
0.0
0.0
0.0
0.0
0.0
0.0
0.0
0.0
0.0
0.0
0.0
0.0
0.0
0.0
0.0
0.0
0.0
0.0
0.0
0.0
54.639
0.0
0.0
0.0
0.0
0.0
0.0
0.0
5.705
0.0
0.0
0.0
0.0
7.796
0.0
0.0
0.0
0.0
0.0
0.0
0.0
0.0
13.492
0.0
0.0
0.0
0.0
22.469
11.234
0.0
0.0
0.0
3.763
7.526
0.0
0.0
0.0
0.0
5.515
0.0
0.0
0.0
5.295
10.589
0.0
5.774
11.549
0.0
0.0
0.0
0.0
0.0
0.0
0.0
4.598
7.135
0.0
7.135
0.0
0.0
8.727
0.0
0.0
0.0
0.0
0.0
0.0
3.487
0.0
0.0
0.0
8.636
0.0
0.0
0.0
1.301
0.0
0.0
0.0
0.0
0.0
0.0
0.0
0.0
0.0
0.0
0.0
0.0
0.0
0.0
0.0
5.032
0.0
0.0
0.0
0.0
0.0
0.0
0.0
1.696
0.0
0.0
0.0
0.0
0.0
0.0
0.0
0.0
0.0
0.0
0.0
0.0
0.0
0.0
0.0
0.0
0.0
14.36
7.18
0.0
0.0
6.036
0.0
3.018
0.0
0.0
0.0
0.0
0.0
0.0
0.0
0.0
0.0
4.645
4.645
0.0
0.0
0.0
0.0
0.0
0.0
1.786
0.0
3.207
3.207
0.0
0.0
0.0
0.0
0.0
0.0
11.776
0.0
0.0
0.0
0.0
0.0
3.507
10.52
10.52
0.0
0.0
0.0
9.084
0.0
0.0
0.0
1.594
0.0
0.0
3.651
0.0
0.0
3.651
3.651
5.019
2.509
0.0
2.509
0.0
4.394
4.394
4.394
0.0
0.0
8.788
8.418
4.209
0.0
0.0
0.0
2.242
0.0
4.484
4.484
0.0
0.0
0.0
1.463
0.0
1.463
0.0
0.0
0.0
2.74
5.481
1.909
1.909
5.726
0.0
0.0
7.18
0.0
0.0
0.0
0.0
16.266
0.0
0.0
4.066
0.0
5.624
2.812
5.624
0.0
0.0
3.28
0.0
6.56
0.0
3.28
0.0
0.0
7.427
7.427
0.0
3.536
3.536
3.536
0.0
0.0
1.433
9.156
0.0
1.433
4.298
1.433
12.965
8.644
17.287
0.0
4.322
14.837
3.709
0.0
11.127
3.709
0.0
0.0
0.0
0.0
10.765
0.0
0.0
0.0
0.0
0.0
0.0
0.0
0.0
0.0
0.0
0.0
0.0
0.0
0.0
0.0
0.0
0.0
0.0
12.144
6.701
3.47
0.0
0.0
0.0
0.0
0.0
0.0
0.0
0.0
0.0
0.0
0.0
0.0
0.0
0.0
0.0
0.0
0.0
0.0
0.0
0.0
0.0
5.033
0.0
0.0
0.0
0.0
0.0
0.0
0.0
0.0
0.0
18.873
0.0
0.0
0.0
0.0
0.0
0.0
0.0
0.0
0.0
0.0
0.0
0.0
0.0
0.0
0.0
0.0
0.0
0.0
0.0
0.0
0.0
0.0
0.0
0.0
0.0
0.0
0.0
0.0
0.0
0.0
0.0
23.701
0.0
0.0
0.0
0.0
0.0
0.0
0.0
0.0
0.0
0.0
0.0
0.0
0.0
0.0
22.302
0.0
0.0
0.0
0.0
0.0
0.0
0.0
0.0
5.139
5.139
10.278
0.0
3.108
0.0
0.0
0.0
0.0
2.274
0.0
0.0
0.0
0.0
0.0
0.0
0.0
3.535
0.0
0.0
0.0
0.0
0.0
0.0
0.0
0.0
0.0
4.804
0.0
0.0
5.651
5.651
0.0
2.825
0.0
0.0
0.0
0.0
0.0
0.0
0.0
0.0
1.77
0.0
0.0
0.0
0.0
0.0
2.098
0.0
0.0
0.0
6.438
6.438
0.0
0.0
0.0
0.0
0.0
8.283
0.0
0.0
0.0
12.426
0.0
0.0
8.04
4.02
0.0
0.0
0.0
0.0
4.758
4.758
0.0
0.0
0.0
0.0
0.0
0.0
0.0
0.0
0.0
0.0
0.0
0.0
0.0
0.0
5.774
5.774
0.0
0.0
2.898
0.0
0.0
0.0
0.0
0.0
0.0
0.0
0.0
0.0
0.0
0.0
0.0
0.0
0.0
0.0
1.412
0.0
0.0
0.0
0.0
2.893
0.0
2.893
0.0
0.0
0.0
0.0
0.0
8.305
0.0
0.0
0.0
0.0
0.0
0.0
0.0
0.0
6.014
6.014
0.0
0.0
13.865
9.244
0.0
4.95
0.0
0.0
0.0
4.95
0.0
0.0
0.0
0.0
22.843
0.0
0.0
0.0
0.0
0.0
0.0
0.0
0.0
21.517
5.379
0.0
0.0
10.758
0.0
0.0
0.0
0.0
0.0
0.0
4.791
0.0
0.0
0.0
0.0
0.0
0.0
3.303
0.0
0.0
10.248
15.372
0.0
0.0
15.372
0.0
0.0
12.353
0.0
0.0
0.0
0.0
2.806
0.0
0.0
10.163
0.0
15.245
0.0
0.0
0.0
0.0
4.204
0.0
4.204
2.925
0.0
5.851
11.701
0.0
0.0
0.0
2.46
4.92
2.46
0.0
0.0
0.0
0.0
0.0
8.436
4.218
6.327
0.0
2.109
2.37
2.37
2.37
4.741
7.111
0.0
0.0
0.0
4.963
9.927
4.278
0.0
4.278
0.0
0.0
12.498
18.747
0.0
12.498
0.0
0.0
10.481
0.0
0.0
10.481
31.443
24.113
24.113
0.0
0.0
0.0
0.0
9.951
0.0
0.0
0.0
0.0
0.0
4.41
0.0
0.0
0.0
0.0
0.0
4.092
0.0
0.0
0.0
0.0
16.06
0.0
0.0
14.464
0.0
21.695
21.695
0.0
0.0
0.0
0.0
0.0
0.0
0.0
0.0
0.0
0.0
39.634
0.0
0.0
0.0
0.0
0.0
0.0
0.0
0.0
0.0
0.0
0.0
0.0
0.0
0.0
0.0
0.0
0.0
0.0
0.0
0.0
0.0
0.0
0.0
0.0
0.0
0.0
0.0
0.0
0.0
0.0
0.0
0.0
0.0
0.0
0.0
0.0
0.0
0.0
0.0
0.0
89.583
0.0
0.0
0.0
0.0
0.0
0.0
0.0
0.0
0.0
0.0
0.0
0.0
9.946
9.946
0.0
0.0
0.0
0.0
0.0
0.0
16.674
16.674
0.0
0.0
16.674
0.0
0.0
0.0
0.0
0.0
24.759
0.0
0.0
0.0
0.0
0.0
0.0
8.75
0.0
0.0
0.0
0.0
0.0
0.0
0.0
0.0
0.0
0.0
0.0
0.0
0.0
0.0
0.0
13.721
0.0
0.0
0.0
0.0
0.0
25.092
0.0
0.0
0.0
0.0
0.0
0.0
0.0
0.0
0.0
9.119
9.119
0.0
0.0
0.0
0.0
0.0
0.0
0.0
0.0
0.0
6.52
0.0
0.0
3.924
0.0
3.924
0.0
0.0
0.0
0.0
0.0
0.0
0.0
0.0
0.0
0.0
0.0
0.0
0.0
0.0
0.0
0.0
0.0
0.0
5.194
0.0
5.773
0.0
0.0
0.0
0.0
0.0
0.0
0.0
0.0
6.476
3.88
0.0
0.0
0.0
0.0
0.0
0.0
0.0
0.0
0.0
0.0
0.0
0.0
0.0
0.0
0.0
0.0
0.0
0.0
0.0
0.0
0.0
0.0
0.0
0.0
0.0
0.0
0.0
0.0
0.0
0.0
0.0
1.87
0.0
3.74
3.74
3.109
0.0
0.0
0.0
0.0
3.109
0.0
0.0
0.0
0.0
0.0
0.0
5.162
0.0
0.0
0.0
9.128
9.128
0.0
0.0
0.0
6.733
6.733
6.733
13.466
0.0
0.0
3.135
3.135
0.0
0.0
0.0
2.512
0.0
0.0
0.0
0.0
0.0
5.091
5.708
0.0
0.0
0.0
0.0
5.926
11.851
5.926
17.777
0.0
32.717
13.087
13.087
0.0
6.543
0.0
11.112
0.0
0.0
33.335
0.0
0.0
11.82
0.0
5.91
11.82
4.455
0.0
0.0
0.0
0.0
0.0
0.0
0.0
12.951
0.0
9.195
18.389
0.0
0.0
0.0
0.0
2.726
0.0
0.0
0.0
0.0
0.0
5.148
5.148
0.0
5.735
0.0
8.603
0.0
2.868
3.187
0.0
3.187
3.187
6.375
9.62
0.0
0.0
0.0
0.0
0.0
0.0
6.469
6.469
0.0
0.0
16.393
0.0
0.0
0.0
0.0
7.63
15.261
0.0
0.0
0.0
0.0
0.0
0.0
0.0
20.849
0.0
17.397
17.397
17.397
34.794
0.0
16.031
8.015
0.0
0.0
0.0
0.0
0.0
23.637
0.0
0.0
0.0
0.0
0.0
27.171
0.0
0.0
0.0
0.0
0.0
0.0
0.0
0.0
0.0
0.0
0.0
0.0
0.0
0.0
0.0
0.0
0.0
0.0
0.0
43.287
10.048
0.0
0.0
0.0
0.0
0.0
0.0
0.0
0.0
0.0
0.0
0.0
0.0
0.0
0.0
0.0
0.0
0.0
0.0
0.0
0.0
0.0
4.561
0.0
0.0
6.361
0.0
0.0
0.0
0.0
0.0
0.0
0.0
0.0
0.0
0.0
0.0
0.0
0.0
0.0
5.747
0.0
0.0
0.0
0.0
0.0
0.0
0.0
0.0
0.0
0.0
0.0
0.0
0.0
0.0
0.0
0.0
0.0
0.0
0.0
0.0
0.0
0.0
0.0
0.0
0.0
0.0
0.0
0.0
0.0
0.0
0.0
0.0
0.0
0.0
0.0
0.0
0.0
0.0
13.964
0.0
13.964
0.0
0.0
0.0
0.0
0.0
0.0
22.246
0.0
0.0
0.0
0.0
0.0
0.0
0.0
0.0
0.0
0.0
4.327
0.0
4.327
16.163
0.0
0.0
0.0
0.0
0.0
0.0
0.0
12.703
6.352
0.0
0.0
0.0
0.0
0.0
6.129
0.0
12.9
0.0
6.45
0.0
0.0
8.661
0.0
0.0
0.0
0.0
0.0
0.0
0.0
5.482
0.0
0.0
0.0
0.0
0.0
0.0
0.0
0.0
0.0
0.0
0.0
0.0
3.568
0.0
0.0
0.0
0.0
0.0
0.0
0.0
0.0
0.0
2.4
0.0
0.0
0.0
0.0
0.0
0.0
0.0
0.0
0.0
0.0
0.0
0.0
0.0
0.0
0.0
0.0
0.0
0.0
0.0
0.0
0.0
0.0
0.0
0.0
0.0
0.0
0.0
0.0
0.0
0.0
0.0
0.0
0.0
0.0
0.0
6.845
0.0
0.0
0.0
0.0
0.0
0.0
0.0
0.0
0.0
0.0
0.0
0.0
0.0
0.0
0.0
0.0
0.0
0.0
0.0
0.0
0.0
0.0
0.0
0.0
0.0
0.0
0.0
0.0
0.0
0.0
0.0
0.0
0.0
0.0
0.0
0.0
0.0
0.0
7.544
0.0
3.772
0.0
12.695
0.0
0.0
0.0
25.39
4.052
0.0
0.0
0.0
0.0
0.0
9.691
9.691
38.762
0.0
0.0
17.768
26.652
10.153
0.0
10.713
0.0
0.0
16.07
0.0
9.346
28.039
9.346
0.0
28.039
9.346
0.0
9.428
0.0
0.0
0.0
3.58
0.0
0.0
1.79
1.79
0.0
0.0
0.0
0.0
7.702
0.0
3.969
0.0
0.0
0.0
0.0
0.0
0.0
0.0
0.0
0.0
0.0
4.799
2.4
0.0
0.0
3.839
7.678
0.0
0.0
15.646
0.0
0.0
0.0
0.0
0.0
13.534
0.0
0.0
13.534
5.773
5.773
0.0
0.0
0.0
20.244
30.366
20.244
0.0
0.0
0.0
0.0
0.0
22.348
0.0
0.0
0.0
0.0
8.231
0.0
16.462
4.837
14.512
0.0
9.674
9.674
19.922
19.922
0.0
0.0
6.641
0.0
0.0
0.0
19.01
0.0
0.0
0.0
0.0
0.0
0.0
0.0
0.0
0.0
0.0
0.0
0.0
0.0
0.0
0.0
0.0
0.0
0.0
0.0
0.0
0.0
0.0
0.0
0.0
0.0
0.0
6.218
0.0
0.0
0.0
0.0
0.0
0.0
5.155
10.31
0.0
0.0
0.0
0.0
0.0
0.0
0.0
0.0
0.0
0.0
0.0
0.0
0.0
0.0
0.0
0.0
0.0
0.0
0.0
0.0
0.0
0.0
0.0
0.0
0.0
0.0
0.0
0.0
0.0
0.0
0.0
0.0
0.0
0.0
0.0
0.0
29.115
0.0
0.0
0.0
0.0
0.0
0.0
0.0
0.0
0.0
0.0
0.0
32.531
0.0
16.265
0.0
0.0
0.0
0.0
0.0
0.0
32.185
0.0
0.0
0.0
0.0
0.0
0.0
0.0
0.0
0.0
0.0
0.0
13.627
0.0
0.0
0.0
0.0
0.0
0.0
19.751
0.0
0.0
0.0
0.0
4.051
8.102
0.0
0.0
0.0
9.183
0.0
3.927
0.0
7.854
0.0
7.854
0.0
12.612
0.0
0.0
0.0
25.224
0.0
6.961
0.0
0.0
0.0
7.402
0.0
7.402
0.0
0.0
0.0
0.0
4.719
0.0
4.719
0.0
0.0
10.68
0.0
0.0
0.0
10.926
0.0
10.926
0.0
0.0
33.639
16.82
0.0
16.82
0.0
2.441
2.441
0.0
7.324
0.0
0.0
0.0
0.0
4.766
4.041
0.0
0.0
2.021
2.021
0.0
1.586
1.586
0.0
0.0
0.0
0.0
0.0
0.0
0.0
0.0
0.0
0.0
0.0
0.0
0.0
0.0
0.0
0.0
0.0
0.0
0.0
0.0
3.048
0.0
0.0
0.0
0.0
0.0
0.0
0.0
0.0
0.0
0.0
0.0
2.526
3.965
7.931
7.931
0.0
0.0
0.0
0.0
0.0
0.0
0.0
13.327
4.935
0.0
0.0
0.0
0.0
0.0
0.0
0.0
1.605
0.0
0.0
3.933
11.799
0.0
0.0
0.0
0.0
0.0
0.0
0.0
0.0
0.0
0.0
0.0
0.0
5.011
0.0
0.0
0.0
0.0
2.675
2.675
0.0
9.498
0.0
0.0
0.0
9.498
0.0
7.522
0.0
0.0
0.0
0.0
0.0
0.0
0.0
8.618
10.723
0.0
0.0
0.0
0.0
0.0
0.0
0.0
0.0
2.623
5.246
0.0
5.874
5.874
11.749
0.0
0.0
0.0
16.704
16.704
0.0
0.0
0.0
0.0
24.469
4.894
7.047
0.0
14.093
7.047
14.093
8.46
0.0
0.0
0.0
16.92
0.0
0.0
0.0
0.0
0.0
4.96
0.0
0.0
24.799
14.88
0.0
11.188
0.0
11.188
0.0
0.0
0.0
0.0
5.059
5.059
25.859
8.62
8.62
0.0
0.0
7.274
7.274
0.0
0.0
7.274
0.0
0.0
0.0
0.0
20.941
0.0
0.0
0.0
7.506
7.506
0.0
5.968
0.0
5.968
0.0
5.968
10.388
20.777
0.0
5.194
0.0
19.65
19.65
0.0
0.0
0.0
0.0
0.0
33.905
0.0
0.0
59.645
0.0
0.0
0.0
0.0
19.593
0.0
0.0
19.593
0.0
0.0
0.0
0.0
0.0
0.0
0.0
0.0
0.0
0.0
0.0
0.0
0.0
0.0
0.0
0.0
0.0
26.348
0.0
0.0
0.0
0.0
0.0
0.0
0.0
0.0
0.0
0.0
0.0
0.0
0.0
0.0
0.0
0.0
0.0
0.0
0.0
0.0
0.0
0.0
0.0
0.0
0.0
0.0
0.0
0.0
0.0
0.0
0.0
0.0
0.0
41.098
0.0
0.0
0.0
0.0
0.0
0.0
0.0
0.0
0.0
0.0
0.0
0.0
0.0
0.0
0.0
0.0
12.118
0.0
0.0
0.0
0.0
0.0
0.0
0.0
0.0
0.0
0.0
0.0
0.0
0.0
0.0
23.307
0.0
0.0
11.653
0.0
0.0
5.442
0.0
0.0
0.0
0.0
18.548
0.0
0.0
0.0
0.0
8.51
0.0
0.0
0.0
3.932
0.0
7.865
3.932
0.0
0.0
0.0
0.0
0.0
0.0
0.0
10.752
5.376
5.376
0.0
0.0
6.105
0.0
0.0
0.0
6.105
0.0
0.0
0.0
0.0
0.0
0.0
0.0
6.552
6.552
0.0
0.0
0.0
9.885
0.0
0.0
0.0
12.557
25.113
0.0
12.557
0.0
0.0
0.0
0.0
0.0
0.0
0.0
0.0
2.088
0.0
0.0
10.28
5.14
5.14
0.0
0.0
0.0
0.0
0.0
0.0
0.0
0.0
0.0
0.0
0.0
3.079
0.0
0.0
0.0
0.0
0.0
0.0
0.0
0.0
0.0
0.0
0.0
0.0
0.0
0.0
0.0
0.0
0.0
0.0
0.0
0.0
0.0
0.0
0.0
0.0
0.0
0.0
0.0
0.0
0.0
0.0
0.0
0.0
0.0
0.0
8.525
0.0
0.0
0.0
0.0
0.0
0.0
0.0
0.0
0.0
0.0
0.0
0.0
5.142
0.0
0.0
0.0
0.0
0.0
1.836
0.0
1.836
0.0
0.0
0.0
0.0
8.553
0.0
0.0
0.0
15.126
0.0
11.367
0.0
0.0
0.0
0.0
0.0
3.256
0.0
0.0
0.0
1.518
1.518
1.518
0.0
0.0
0.0
0.0
0.0
3.585
3.585
3.585
0.0
0.0
0.0
0.0
9.253
13.88
0.0
0.0
0.0
0.0
0.0
9.988
0.0
0.0
2.092
0.0
0.0
0.0
0.0
8.162
8.162
0.0
8.162
0.0
0.0
0.0
0.0
0.0
0.0
0.0
0.0
0.0
9.471
0.0
0.0
0.0
0.0
2.159
0.0
0.0
0.0
0.0
0.0
0.0
0.0
8.063
8.063
4.031
9.251
0.0
18.503
0.0
9.251
40.519
0.0
24.311
0.0
0.0
0.0
16.464
0.0
0.0
0.0
0.0
0.0
4.135
0.0
8.27
0.0
0.0
0.0
7.242
0.0
0.0
0.0
4.684
0.0
0.0
0.0
18.443
0.0
0.0
18.443
0.0
0.0
0.0
5.429
0.0
5.429
0.0
7.239
14.478
7.239
0.0
12.966
0.0
0.0
0.0
0.0
0.0
0.0
3.99
0.0
7.98
0.0
0.0
0.0
0.0
0.0
7.207
0.0
7.207
0.0
0.0
0.0
0.0
0.0
0.0
0.0
0.0
7.262
0.0
0.0
0.0
0.0
0.0
0.0
0.0
0.0
0.0
0.0
0.0
0.0
0.0
0.0
0.0
0.0
0.0
0.0
0.0
0.0
0.0
0.0
0.0
0.0
0.0
0.0
0.0
0.0
0.0
0.079
0.35
0.903
1.647
3.691
47.178
0.0
0.0
0.0
0.0
0.0
0.0
0.0
0.0
0.0
0.0
0.0
0.0
0.0
0.0
0.0
20.991
0.0
0.0
0.0
0.0
24.166
0.0
24.166
0.0
0.0
0.0
0.0
19.84
0.0
0.0
0.0
0.0
25.922
0.0
0.0
0.0
10.488
0.0
0.0
0.0
17.392
0.0
8.696
0.0
0.0
0.0
0.0
20.787
0.0
0.0
4.898
4.898
0.0
0.0
4.898
5.048
0.0
5.048
5.048
0.0
0.0
8.262
2.754
8.262
0.0
0.0
8.955
0.0
13.432
0.0
0.0
7.572
2.524
0.0
0.0
2.524
12.241
0.0
0.0
0.0
0.0
0.0
0.0
0.0
0.0
7.972
0.0
4.572
9.144
9.144
0.0
0.0
0.0
0.0
4.973
0.0
0.0
9.792
4.896
0.0
0.0
0.0
6.196
0.0
0.0
0.0
0.0
0.0
0.0
0.0
0.0
0.0
0.0
0.0
0.0
0.0
0.0
0.0
8.49
0.0
0.0
0.0
0.157
1.674
0.0
0.0
0.0
0.0
0.0
0.0
0.0
0.0
0.0
0.0
0.0
0.0
0.0
0.0
3.764
0.0
0.0
0.0
0.0
0.0
0.0
0.0
0.0
5.202
0.0
0.0
0.0
5.202
0.0
0.0
0.0
0.0
0.0
0.0
0.0
0.0
0.0
0.0
0.0
0.0
13.216
0.0
0.0
0.0
7.175
0.0
0.0
2.392
0.0
0.0
0.0
0.0
0.0
0.0
0.0
0.0
0.0
15.702
0.0
6.989
3.495
0.0
3.495
3.495
1.729
1.729
0.0
12.765
0.0
0.0
0.0
0.0
6.791
0.0
0.0
0.0
0.0
10.862
0.0
0.0
0.0
9.504
0.0
8.134
0.0
0.0
4.067
15.466
7.733
0.0
0.0
0.0
0.0
3.759
0.0
0.0
0.0
0.0
0.0
0.0
5.298
0.0
10.596
0.0
7.614
3.807
0.0
0.0
6.913
0.0
9.218
6.913
2.304
0.0
0.0
0.0
2.381
0.0
0.075
1.322
0.0
15.45
0.0
6.002
0.0
0.0
0.0
6.002
8.018
0.0
0.0
8.018
0.0
0.0
10.162
0.0
20.323
10.162
19.906
0.0
29.858
0.0
9.953
8.668
0.0
0.0
0.0
8.668
0.0
0.0
4.419
13.256
4.419
0.0
25.936
0.0
17.291
8.645
8.645
0.0
0.0
0.0
4.859
4.859
15.237
45.71
0.0
0.0
0.0
1.0
1.39
3.176
13.317
8.647
0.0
0.0
0.0
0.0
0.0
0.0
29.504
14.752
14.752
14.752
0.0
0.0
0.0
0.0
0.0
0.0
0.0
0.0
0.0
0.0
0.0
0.0
0.0
12.876
0.0
21.103
0.0
0.0
0.0
0.0
0.0
0.0
6.754
27.017
6.754
0.0
0.0
0.0
0.0
0.0
0.0
0.0
0.0
0.0
0.0
0.0
0.0
0.0
0.0
0.0
0.0
0.0
0.0
0.0
0.0
0.0
0.0
0.0
0.0
0.0
0.0
0.0
0.0
0.0
0.0
0.0
0.0
0.0
0.0
0.0
0.0
0.0
0.0
0.0
0.0
13.608
13.608
8.158
0.0
0.0
0.0
0.0
0.0
0.0
0.0
0.0
22.321
7.797
0.0
0.0
3.899
0.0
0.0
10.467
0.0
0.0
0.0
0.0
0.0
0.0
0.0
0.0
0.0
18.328
0.0
0.0
0.0
4.975
4.975
4.975
9.95
0.0
0.0
0.0
0.0
0.0
14.105
0.0
5.372
0.0
0.0
5.372
3.644
0.0
7.289
0.0
0.0
0.0
0.0
4.002
8.003
0.0
0.0
10.943
21.886
0.0
0.0
0.0
0.0
5.578
0.0
0.0
0.0
10.8
0.0
0.0
0.0
10.8
0.151
2.232
2.7
6.673
1.04
0.0
0.0
0.0
0.0
0.0
36.35
0.0
0.0
0.0
0.0
0.0
0.0
0.0
0.0
0.0
7.158
7.158
0.0
3.579
0.0
0.0
0.0
0.0
0.0
0.0
0.0
0.0
0.0
0.0
0.0
0.0
0.0
0.0
0.0
0.0
0.0
0.0
0.0
0.0
0.0
0.0
0.0
0.0
0.0
0.0
0.0
0.0
0.0
0.0
0.0
0.0
0.0
0.0
0.0
0.0
0.0
0.0
0.0
5.197
5.197
0.0
0.0
0.0
0.0
0.0
0.0
0.0
0.0
0.0
0.0
0.0
0.0
0.0
0.0
0.0
0.0
0.0
0.0
0.0
0.0
0.0
0.0
0.0
0.0
0.0
0.0
0.0
0.0
0.0
0.0
0.0
0.0
0.0
0.0
1.871
3.743
0.0
0.0
0.0
0.0
0.0
2.481
0.0
2.193
2.193
0.0
0.0
0.0
11.792
0.0
3.931
6.304
6.304
0.0
6.304
0.0
14.005
0.0
0.0
0.0
0.0
0.0
0.0
0.0
0.0
0.0
0.0
0.0
0.0
19.73
0.0
0.0
0.0
0.0
6.172
0.0
0.0
3.914
0.0
0.0
7.827
0.0
0.0
0.0
0.0
0.0
0.0
6.975
6.975
0.0
6.975
3.488
5.085
5.085
0.0
5.085
0.0
0.0
8.315
0.0
0.0
0.0
27.615
0.0
0.0
0.0
9.205
0.0
0.0
24.48
0.0
0.0
0.0
4.915
4.915
9.831
14.746
10.854
0.0
0.0
0.0
21.709
0.0
4.68
0.0
9.36
4.68
7.403
2.955
7.105
5.502
8.161
0.0
11.453
34.358
0.0
11.453
11.453
19.17
5.756
6.49
16.037
0.0
0.0
0.0
0.0
16.912
50.735
14.334
9.647
25.738
6.881
4.26
0.0
0.0
0.0
0.0
0.0
13.842
0.0
0.0
0.0
0.0
0.0
0.0
0.0
0.0
0.0
0.0
0.0
0.0
25.222
0.0
0.0
0.0
0.0
0.0
2.352
0.0
0.0
0.0
0.0
0.0
0.054
0.411
0.277
0.275
0.783
0.0
0.0
0.0
0.0
0.0
0.0
0.0
0.0
0.0
0.0
0.0
6.442
0.0
0.0
0.0
0.0
0.0
0.0
0.0
0.0
0.0
0.0
0.0
0.0
0.0
4.542
0.0
0.0
0.0
0.0
0.0
0.0
0.0
0.0
0.0
0.0
0.0
4.727
0.0
0.0
0.0
0.0
0.0
0.0
0.0
0.0
0.0
0.0
0.0
0.0
6.977
0.0
0.0
0.0
13.016
0.0
26.033
4.059
2.091
0.055
12.456
0.756
0.0
7.137
0.0
0.0
0.0
0.0
0.0
0.0
0.0
0.0
0.0
0.0
0.0
0.0
0.0
6.624
0.0
6.624
13.248
26.497
10.883
0.0
5.441
0.0
0.0
0.0
0.0
0.0
0.0
6.127
0.0
0.0
0.0
0.0
7.517
2.08
4.26
2.504
0.992
0.234
1.523
0.0
3.45
3.45
0.0
0.0
0.0
0.0
12.912
0.0
0.0
0.0
0.0
0.0
0.0
0.0
16.61
0.0
0.0
0.0
0.0
0.0
0.0
0.0
0.0
7.132
0.0
0.0
0.0
0.0
0.0
0.0
0.0
0.0
0.0
0.0
0.0
0.631
0.0
0.0
0.631
0.0
3.152
1.051
1.051
2.101
2.507
1.253
1.253
0.0
0.0
1.791
0.0
1.791
3.582
1.791
0.0
0.0
0.0
0.0
0.0
0.0
