19830101
0.0
0.0
0.0
0.0
0.0
0.0
0.0
0.0
0.0
0.0
0.0
0.0
0.0
0.0
0.0
0.0
0.0
0.0
0.0
0.0
0.0
0.0
0.0
0.0
0.0
0.0
0.0
0.0
0.0
0.0
0.0
0.0
0.0
0.0
0.0
0.0
0.0
0.0
0.0
0.0
0.0
0.0
0.0
0.0
0.0
0.0
0.0
0.0
0.0
0.0
6.372
0.0
0.0
0.0
0.0
3.123
0.0
2.606
0.0
0.0
0.0
0.0
1.907
0.0
0.0
0.0
0.0
0.0
0.0
0.0
0.0
0.0
0.0
0.0
11.534
0.0
0.0
0.0
0.0
0.0
1.689
0.0
0.0
0.0
0.0
0.0
0.0
0.165
0.983
1.675
7.503
4.389
0.0
0.0
0.0
0.0
0.0
0.0
0.0
13.076
9.67
0.0
0.0
0.0
0.0
0.0
6.385
3.192
0.0
6.385
0.0
0.0
5.46
0.0
0.0
1.164
0.0
9.615
0.0
0.0
0.0
8.825
0.0
0.0
0.0
3.452
0.0
1.51
0.0
1.51
0.0
0.0
0.0
0.0
15.915
23.011
0.0
19.528
0.0
0.0
3.059
3.059
0.0
0.0
0.0
0.0
0.0
25.874
7.547
0.0
0.0
0.0
0.0
24.248
6.062
12.124
3.049
0.0
5.671
45.065
8.124
10.306
6.752
0.0
8.581
11.229
0.388
0.488
0.679
0.955
1.351
0.0
0.0
0.0
0.0
0.0
0.0
0.0
0.0
0.0
0.0
0.0
0.0
0.0
0.0
0.0
0.0
0.0
4.208
0.0
0.0
0.0
0.0
0.0
4.55
0.0
0.0
11.681
0.0
0.0
0.0
0.0
0.0
0.0
0.0
0.0
0.0
0.0
0.0
0.0
0.0
0.0
0.0
0.0
7.685
0.0
0.0
0.0
0.0
0.0
0.0
0.0
0.0
0.0
0.0
0.0
0.0
0.0
0.0
0.0
0.0
6.945
0.0
0.0
0.0
0.0
0.0
5.576
0.0
0.0
0.0
0.0
0.0
0.0
0.0
0.0
0.0
44.059
0.0
0.0
0.0
0.0
0.0
0.0
0.0
0.0
0.0
0.0
0.0
0.0
0.0
0.0
0.0
0.0
0.0
0.0
0.0
0.0
0.0
0.0
0.0
0.0
0.0
0.0
0.0
0.0
6.437
0.0
0.0
0.0
0.0
0.0
0.0
0.0
0.0
18.442
0.0
0.0
0.0
0.0
0.0
0.0
0.0
0.0
0.0
0.0
0.0
0.0
0.0
0.0
0.0
4.918
0.0
0.0
0.0
0.0
0.0
0.0
0.0
0.0
0.0
0.0
3.89
0.0
0.0
0.0
10.701
0.0
0.0
0.0
0.0
0.0
0.0
4.884
0.0
5.646
0.0
0.0
0.0
0.0
4.586
4.586
0.0
9.172
0.0
1.617
3.365
0.0
0.0
0.0
0.0
0.0
0.0
0.0
4.274
4.274
0.0
0.0
8.548
0.0
0.0
0.0
0.0
0.0
3.891
0.0
0.0
0.0
0.0
0.0
0.0
0.0
0.0
0.0
0.0
0.0
0.0
0.0
0.0
0.0
0.0
0.0
0.0
0.0
0.0
1.216
0.0
1.064
0.0
0.0
0.0
0.0
0.0
0.0
0.0
0.0
0.0
0.0
0.0
0.0
0.0
3.189
0.0
0.0
0.0
6.378
0.0
0.0
0.0
0.0
0.0
0.0
0.0
0.0
0.0
0.0
0.0
0.0
0.0
0.0
0.0
0.0
0.0
0.0
0.0
11.437
0.0
0.0
0.0
1.887
1.366
4.465
0.0
2.233
0.0
3.7
0.0
4.229
0.0
0.0
8.247
0.0
3.608
4.124
0.0
0.0
5.058
0.0
0.0
10.115
14.79
4.93
0.0
4.93
4.93
8.643
0.0
34.573
0.0
0.0
0.0
2.565
0.0
0.0
4.489
0.0
0.0
0.0
12.947
4.237
0.0
0.0
10.77
0.0
0.0
0.0
3.476
0.0
6.953
0.0
0.0
0.0
0.0
0.0
0.0
5.73
5.919
11.838
5.919
0.0
6.764
0.0
6.681
0.0
1.323
0.0
0.0
0.0
0.0
0.0
8.182
0.0
0.0
0.0
0.0
15.096
0.0
53.697
10.05
0.0
0.0
15.91
18.052
0.0
0.0
0.0
0.0
8.596
0.0
0.0
0.0
6.476
0.0
0.0
0.0
0.0
20.627
0.0
0.0
8.08
0.0
0.0
0.0
17.702
0.0
14.104
0.0
0.0
0.659
1.932
0.0
0.326
16.132
0.0
8.066
8.066
0.0
9.072
0.0
0.0
9.979
0.0
0.0
0.0
0.0
0.0
0.0
0.0
0.0
0.0
15.251
0.0
0.0
0.0
0.0
0.0
15.218
0.0
0.0
0.0
20.54
0.0
0.0
0.0
0.0
22.928
26.203
0.0
0.0
0.0
0.0
0.0
0.0
0.0
0.0
0.0
15.198
0.0
26.134
0.0
0.0
0.0
0.0
0.0
0.0
0.0
4.224
7.233
0.0
0.0
0.0
0.0
0.0
0.0
0.0
0.0
0.0
0.0
37.598
0.0
0.0
0.0
0.0
0.0
0.0
0.0
12.803
0.0
15.95
0.0
0.0
5.459
0.0
0.0
0.0
0.0
0.0
0.0
0.0
0.0
0.0
0.0
19.038
0.0
6.972
30.397
0.0
8.481
0.0
10.112
10.112
0.0
0.0
0.0
0.0
0.0
0.0
11.131
0.0
4.475
4.577
4.076
0.0
3.944
5.673
0.0
0.0
11.346
0.0
0.0
0.0
0.0
0.0
0.0
7.537
0.0
0.0
0.0
0.0
0.0
9.518
0.0
0.0
0.0
5.242
5.242
5.991
10.484
10.484
5.242
0.0
0.0
0.0
0.0
0.0
0.0
0.0
0.0
1.593
1.821
2.984
8.953
0.0
0.0
0.0
3.292
2.881
8.642
0.0
0.0
0.0
0.0
0.0
0.0
2.361
3.324
0.0
0.0
0.0
0.0
0.0
0.0
0.0
0.0
4.236
0.0
0.0
0.0
0.0
0.0
0.0
0.0
0.0
0.0
0.0
0.0
0.0
0.0
0.0
0.0
0.0
0.0
0.0
0.0
0.0
0.0
16.185
0.0
0.0
0.0
0.0
0.0
0.0
0.0
0.0
0.0
0.0
0.0
0.0
0.0
0.0
6.403
3.201
0.0
0.0
0.0
0.0
0.0
0.0
0.0
0.0
0.0
0.0
0.0
0.0
0.0
3.233
3.233
0.0
0.0
0.0
0.0
0.0
0.0
0.0
0.0
0.0
0.0
0.0
0.0
0.0
0.0
0.0
5.44
0.0
0.0
0.0
4.998
0.0
0.0
0.0
0.0
0.0
0.0
0.0
0.0
5.35
5.436
0.0
0.0
0.0
0.0
0.0
0.0
7.212
13.02
0.0
5.696
0.0
5.696
0.0
0.0
0.0
14.941
0.0
28.736
0.0
0.0
0.0
0.0
0.0
2.234
0.0
2.234
4.468
5.416
6.19
10.832
0.0
5.416
0.0
6.337
2.615
0.0
3.722
6.237
6.188
0.0
0.0
0.0
12.376
0.0
0.0
6.612
6.423
0.0
2.716
3.103
0.0
0.0
5.431
0.0
0.0
0.6
0.0
0.0
1.947
1.947
1.947
0.0
5.842
0.0
34.973
0.0
0.0
0.0
0.0
6.196
18.589
0.0
0.0
0.0
0.0
7.319
0.0
14.638
4.176
0.0
10.569
2.582
8.473
22.257
0.0
0.0
19.475
9.737
0.0
0.0
15.335
0.0
0.0
10.223
19.57
0.0
0.0
0.0
0.0
14.319
0.0
0.0
0.0
8.182
7.529
0.0
15.059
0.0
15.059
0.0
0.0
0.0
0.0
0.0
11.616
0.0
0.0
0.0
0.0
0.0
0.0
0.0
0.0
0.0
0.0
0.0
0.0
0.0
0.0
0.0
0.0
0.0
0.0
34.976
28.366
0.0
0.0
0.0
0.0
0.0
0.0
0.0
0.0
0.0
0.0
0.0
0.0
0.0
0.0
0.0
18.467
0.0
17.728
0.0
0.0
0.0
0.0
14.957
0.0
0.0
0.0
4.338
0.0
3.376
9.016
0.0
0.0
0.0
0.0
21.376
0.0
0.0
0.0
27.38
0.0
0.0
0.0
0.0
0.0
0.0
0.0
0.0
0.0
0.0
0.0
0.0
0.0
21.802
0.0
0.0
0.0
0.0
0.0
0.0
0.0
0.0
0.0
0.0
1.447
2.369
1.337
2.979
0.0
2.813
4.899
0.0
0.0
0.0
0.0
3.183
4.442
0.0
19.478
0.0
0.0
0.0
0.0
0.0
0.0
13.401
0.0
0.0
0.0
0.0
0.0
0.0
0.0
12.941
0.0
0.0
0.0
0.0
0.0
0.0
0.0
0.0
0.0
0.0
0.0
0.0
7.363
6.882
13.763
0.0
6.882
13.763
7.865
2.73
0.0
0.0
0.0
6.241
0.0
13.437
7.678
0.0
0.0
11.946
3.982
0.0
0.0
0.0
0.0
0.0
7.252
0.0
7.252
0.0
0.0
1.391
0.0
0.0
0.0
4.569
0.0
0.0
0.0
0.0
9.86
0.0
0.0
0.0
0.0
0.0
0.0
0.0
0.0
0.0
0.0
0.0
0.0
0.0
0.0
0.0
0.0
0.0
0.0
0.0
0.0
0.0
0.0
0.0
0.0
0.0
0.0
0.0
0.0
0.0
0.0
0.0
0.0
2.41
0.0
0.0
0.0
0.0
0.0
0.0
0.0
4.321
0.0
0.0
0.0
0.0
0.0
0.0
0.0
0.0
0.0
0.0
0.0
0.0
0.0
0.0
0.0
0.0
0.0
0.0
0.0
0.0
0.0
0.0
0.0
1.603
0.0
0.0
0.0
0.0
0.0
0.0
6.719
7.679
6.719
13.438
0.0
0.0
0.0
3.224
0.0
0.0
0.0
0.0
0.0
0.0
0.0
10.599
3.533
0.0
0.0
0.0
0.0
0.0
0.0
0.0
11.0
11.0
0.0
0.0
4.05
0.0
0.0
0.0
7.105
0.0
0.0
0.0
0.0
0.0
7.865
0.0
0.0
7.865
0.0
5.432
0.0
0.0
12.416
10.864
9.128
0.0
10.432
0.0
0.0
0.0
0.0
0.0
0.0
0.0
0.0
0.0
0.0
0.0
0.0
0.0
0.0
0.0
2.409
0.0
13.236
4.412
8.824
25.211
0.0
0.0
0.0
0.0
0.0
4.372
0.0
15.354
15.354
0.0
6.718
0.0
0.0
0.0
0.0
0.0
4.478
3.428
0.0
0.0
3.465
12.229
18.343
0.0
0.0
0.0
13.11
0.0
0.0
0.0
0.0
0.0
0.0
8.054
2.931
22.141
3.301
0.0
0.0
0.0
0.0
0.0
0.0
5.558
5.558
0.0
27.788
5.899
5.32
7.491
6.044
10.604
13.983
0.0
0.0
0.0
0.0
10.363
0.0
0.0
0.0
0.0
0.0
0.0
0.0
0.0
0.0
0.0
0.0
0.0
0.0
0.0
0.0
0.0
0.0
48.453
0.0
0.0
0.0
0.0
0.0
0.0
0.0
0.0
0.0
0.0
0.0
0.0
0.0
0.0
0.0
0.0
0.0
0.0
0.0
0.0
0.0
0.0
0.0
0.0
0.0
0.0
0.0
0.0
15.035
0.0
0.0
0.0
0.0
0.0
0.0
0.0
0.0
0.0
0.0
0.0
0.0
0.0
0.0
0.0
0.0
0.0
0.0
0.0
0.0
0.0
0.0
29.119
0.0
0.0
0.0
0.0
0.0
0.0
0.0
0.0
0.0
0.0
0.0
0.0
0.0
0.0
0.0
0.0
0.0
0.0
0.0
0.0
0.0
0.0
0.0
0.0
0.0
25.434
0.0
0.0
0.0
0.0
27.506
0.0
0.0
0.0
0.0
0.0
0.0
0.0
0.0
0.0
0.0
0.0
0.0
0.0
0.0
0.0
0.0
0.0
12.38
43.16
0.0
0.0
0.0
4.261
4.261
0.0
0.0
0.0
0.0
11.784
0.0
0.0
0.0
0.0
0.0
0.0
6.153
0.0
4.892
0.0
0.0
0.0
0.0
0.0
0.0
0.0
0.0
0.0
0.0
0.0
0.0
0.0
0.0
16.775
0.0
0.0
0.0
0.0
11.21
0.0
0.0
0.0
0.0
0.0
0.0
0.0
0.0
0.0
0.0
0.0
0.0
0.0
0.0
0.0
13.894
0.0
0.0
0.0
0.0
0.0
0.0
0.0
0.0
0.0
0.0
0.0
0.0
0.0
0.0
0.0
0.0
0.0
0.0
0.0
0.0
0.0
0.0
0.0
0.0
7.556
3.778
0.0
0.0
0.0
0.0
0.0
0.0
0.0
0.0
0.0
0.0
4.26
4.26
0.0
0.0
0.0
2.738
0.0
0.0
0.0
0.0
0.0
0.0
0.0
0.0
0.0
0.0
0.0
0.0
0.0
0.0
0.0
0.0
0.0
0.0
5.977
0.0
2.989
8.966
9.091
1.173
0.0
0.0
0.0
0.0
0.0
0.0
3.783
0.0
2.958
5.916
3.381
0.0
0.0
0.0
4.778
9.556
0.0
6.86
6.86
3.43
6.86
0.0
0.0
0.0
12.877
0.0
8.372
0.0
0.0
0.0
0.0
6.066
6.933
0.0
0.0
18.199
6.922
3.461
10.383
0.0
0.0
0.0
0.0
0.0
8.334
0.0
0.0
0.0
3.514
0.0
0.0
7.028
0.0
4.853
0.0
0.0
0.0
0.0
0.0
0.0
0.0
3.74
2.547
0.0
1.58
1.935
1.741
5.442
0.0
12.438
10.883
0.0
6.277
0.0
3.587
9.415
6.277
0.0
7.183
0.0
0.0
0.0
6.037
0.0
12.074
0.0
0.0
0.0
0.0
17.567
4.392
0.0
0.0
0.0
8.334
8.334
16.668
0.0
6.188
0.0
18.564
0.0
0.0
0.0
0.0
0.0
0.0
0.0
0.0
0.0
0.0
7.586
0.0
0.0
0.0
0.0
2.547
4.254
0.0
0.0
7.471
7.491
0.0
0.0
0.0
0.0
0.0
0.0
3.534
11.078
3.778
2.982
0.0
0.0
0.0
0.0
0.0
0.0
0.0
0.0
0.0
0.0
0.0
0.0
0.0
0.0
0.0
0.0
0.0
0.0
0.0
0.0
0.0
0.0
0.0
0.0
57.078
0.0
0.0
0.0
0.0
0.0
0.0
0.0
0.0
0.0
13.35
13.35
0.0
0.0
0.0
14.22
14.22
14.22
0.0
0.0
26.176
0.0
0.0
0.0
0.0
0.0
0.0
0.0
0.0
26.387
13.193
13.193
0.0
0.0
0.0
0.0
0.0
14.859
0.0
0.0
0.0
0.0
0.0
0.0
0.0
0.0
21.822
21.822
21.822
13.522
0.0
0.0
0.0
13.522
0.0
0.0
0.0
20.798
17.938
13.05
16.392
0.0
7.133
4.43
13.526
13.526
13.526
13.526
0.0
0.0
11.992
0.0
0.0
0.0
21.291
0.0
0.0
5.323
10.645
0.0
16.813
0.0
0.0
0.0
0.0
11.372
0.0
5.686
0.0
2.802
2.802
2.802
2.802
5.604
4.983
0.0
4.36
0.0
4.36
0.0
7.61
0.0
0.0
0.0
0.0
0.0
5.444
9.212
0.0
0.0
0.0
0.0
0.0
0.0
0.0
0.0
0.0
0.0
0.0
0.0
0.0
0.0
0.0
0.0
0.0
0.0
0.0
0.0
0.0
0.0
7.269
12.72
0.0
0.0
0.0
0.0
0.0
0.0
0.0
0.0
0.0
0.0
0.0
0.0
0.0
0.0
0.0
0.0
0.0
0.0
0.0
0.0
0.0
0.0
0.0
0.0
0.0
0.0
0.0
2.071
0.0
0.0
0.0
0.0
0.0
0.0
0.0
0.0
0.0
0.0
0.0
0.0
0.0
0.0
0.0
0.0
0.0
0.0
0.0
0.0
0.0
0.0
0.0
0.0
0.0
0.0
0.0
0.0
0.0
0.0
0.0
9.891
0.0
0.0
5.44
0.0
10.879
0.0
0.0
0.0
14.901
0.0
0.0
0.0
0.0
0.0
4.829
0.0
0.0
0.0
0.0
0.0
0.0
7.536
0.0
0.0
3.768
0.0
0.0
2.582
7.746
0.0
16.201
8.1
4.05
0.0
0.0
9.767
22.326
0.0
0.0
3.404
0.0
0.0
3.404
3.404
0.0
0.0
0.0
0.0
0.0
0.0
3.508
3.508
0.0
0.0
0.0
16.502
2.321
0.0
0.849
0.0
0.0
0.0
0.0
8.347
4.174
19.834
6.611
0.0
0.0
7.556
0.0
0.0
5.426
0.0
0.0
5.966
2.999
5.014
4.903
3.348
11.634
0.0
11.634
0.0
0.0
4.659
9.318
0.0
4.659
0.0
7.235
20.553
3.123
0.0
0.0
8.218
0.0
0.0
16.437
0.0
0.0
0.0
0.0
17.91
17.91
19.035
0.0
0.0
19.035
0.0
0.0
0.0
0.0
0.0
0.0
0.0
20.302
0.0
8.882
0.0
17.764
12.141
24.281
0.0
36.422
12.141
0.0
13.374
0.0
0.0
0.0
0.0
1.263
0.0
0.0
3.004
0.0
21.84
0.0
0.0
21.84
0.0
0.0
0.0
0.0
29.18
0.0
0.0
27.616
0.0
0.0
0.0
0.0
14.433
0.0
0.0
0.0
0.0
0.0
43.679
14.56
0.0
0.0
0.0
0.0
0.0
0.0
0.0
0.0
0.0
0.0
0.0
0.0
0.0
1.891
0.0
0.0
0.0
0.0
0.0
0.0
0.0
0.0
0.0
0.0
0.0
4.499
2.885
0.0
0.0
0.0
0.0
0.0
0.0
0.0
0.0
0.0
19.944
0.0
0.0
0.0
0.0
0.0
0.0
0.0
4.479
0.0
0.0
0.0
0.0
0.0
0.0
0.0
0.0
0.0
0.0
0.0
0.0
6.897
6.897
0.0
0.0
0.0
0.0
11.868
7.207
0.0
0.0
28.818
0.0
0.0
0.0
0.0
4.45
4.45
17.8
0.0
0.0
0.0
0.0
8.093
0.0
0.0
0.0
0.0
0.0
0.0
18.047
0.0
16.407
16.407
0.0
0.0
0.0
0.0
0.0
0.0
11.273
0.0
0.0
0.0
0.0
0.0
0.0
0.0
0.0
0.0
0.0
0.0
0.0
15.84
7.92
0.0
15.84
0.0
0.0
0.0
0.0
0.0
0.0
0.0
0.0
0.0
0.0
0.0
0.0
13.25
0.0
0.0
2.15
0.0
0.0
1.518
1.869
0.0
0.0
0.0
0.0
0.0
0.0
0.0
0.0
7.872
15.743
3.625
0.0
0.0
3.625
3.625
4.071
8.141
0.0
0.0
0.0
0.0
11.647
0.0
0.0
0.0
0.0
1.262
0.0
0.0
0.0
3.13
0.0
0.0
0.0
0.0
0.0
0.0
0.0
0.0
0.0
0.0
0.0
0.0
0.0
0.0
0.0
0.0
0.0
5.585
0.0
0.0
0.0
0.0
0.0
0.0
0.0
0.0
0.0
0.0
0.0
0.0
0.0
0.0
0.0
0.0
0.0
0.0
0.0
0.0
0.0
0.0
0.0
0.0
2.462
0.0
0.0
0.0
0.0
0.0
0.0
0.0
0.0
0.0
0.0
0.0
0.0
0.0
0.0
0.0
0.0
0.0
0.0
0.0
0.0
0.0
0.0
0.0
0.0
5.736
5.736
0.0
0.0
0.0
4.162
4.757
10.617
0.0
3.539
3.539
3.539
5.606
5.606
16.818
0.0
0.0
7.06
0.0
8.068
7.06
0.0
0.0
0.0
19.076
0.0
0.0
0.0
8.546
0.0
3.256
0.0
0.0
0.0
6.485
6.485
0.0
14.823
0.0
0.0
0.0
0.0
0.0
0.0
2.516
0.0
0.0
0.0
0.0
8.066
0.0
15.268
4.897
22.238
0.0
0.0
0.0
14.825
0.0
0.0
0.0
5.192
10.385
0.0
9.108
0.0
9.108
9.108
4.969
5.272
11.0
4.59
14.3
18.174
36.347
0.0
0.0
0.0
0.0
0.0
0.0
4.991
4.259
0.0
7.111
0.0
0.0
0.0
0.0
0.0
0.0
0.0
9.044
0.0
0.0
0.0
8.386
8.386
8.386
18.076
0.0
36.218
0.0
0.0
0.0
16.459
0.0
5.486
0.0
0.0
13.396
3.189
0.0
4.924
0.0
13.312
22.646
30.682
25.893
10.907
9.456
8.706
13.906
11.729
20.734
0.0
10.367
35.543
0.0
0.0
0.0
0.0
9.996
9.996
0.0
0.0
11.454
0.0
0.0
0.0
0.0
0.0
0.0
0.0
0.0
0.0
0.0
0.0
0.0
0.0
0.0
0.0
0.0
0.0
0.0
0.0
0.0
0.0
0.0
0.0
0.0
0.0
0.0
0.0
0.0
0.0
0.0
0.0
0.0
0.0
0.0
0.0
0.0
0.0
0.0
0.0
0.0
0.0
0.0
43.333
0.0
0.0
0.0
0.0
0.0
0.0
0.0
0.0
0.0
0.0
0.0
0.0
0.0
0.0
0.0
0.0
16.195
0.0
0.0
0.0
16.195
0.0
0.0
7.664
6.706
13.412
0.0
0.0
0.0
0.0
0.0
0.0
0.0
0.0
7.293
0.0
0.0
7.913
0.0
7.913
0.0
6.75
0.0
0.0
6.75
6.75
0.0
6.1
0.0
0.0
6.1
0.0
0.0
37.051
0.0
0.0
0.0
0.0
0.0
0.0
0.0
0.0
0.0
0.0
11.946
0.0
0.0
0.0
0.0
0.0
0.0
0.0
0.0
4.309
0.0
0.0
0.0
0.0
5.703
0.0
0.0
5.703
0.0
5.347
0.0
0.0
0.0
0.0
9.753
0.0
0.0
0.0
0.0
0.0
5.33
10.66
0.0
2.029
0.0
0.0
1.695
2.029
1.956
0.0
0.0
0.0
0.0
3.128
0.0
0.0
0.0
0.0
0.0
0.0
0.0
0.0
0.0
0.0
0.0
0.0
0.0
0.0
0.0
0.0
2.993
2.993
5.985
0.0
0.0
0.0
0.0
0.0
0.0
0.0
0.0
0.0
0.0
0.0
0.0
0.0
0.0
0.0
0.0
0.0
0.0
0.0
0.0
0.0
0.0
0.0
7.802
3.901
0.0
0.0
0.0
0.0
0.0
0.0
0.0
0.0
0.0
0.0
0.0
0.0
0.0
0.0
0.0
0.0
0.0
0.0
1.799
0.0
0.0
0.0
0.0
0.0
0.0
14.953
3.41
7.962
0.0
0.0
0.0
5.394
0.0
0.0
0.0
0.0
0.0
3.245
0.0
0.0
0.0
2.866
0.0
0.0
0.0
0.0
0.0
0.0
0.0
0.0
0.0
0.0
0.0
0.0
22.119
0.0
0.0
0.0
0.0
0.0
0.0
0.0
0.0
0.0
0.0
5.321
7.559
22.676
0.0
0.0
0.0
0.0
6.474
0.0
0.0
0.0
0.0
2.886
0.0
2.886
2.886
13.415
0.0
0.0
11.738
19.564
0.0
0.0
0.0
15.276
17.737
0.0
0.0
1.671
3.342
6.684
23.11
0.0
0.0
13.205
0.0
5.158
0.0
5.158
4.514
0.0
0.0
0.0
0.0
6.758
11.827
0.0
20.385
0.0
0.0
0.0
8.619
0.0
0.0
0.0
0.0
0.0
11.587
0.0
0.0
0.0
0.0
0.0
0.0
0.0
0.0
0.0
0.0
0.0
26.612
0.0
0.0
0.0
0.0
24.637
49.274
0.0
10.811
0.0
0.0
0.0
10.811
0.0
0.0
0.0
0.0
0.0
0.0
0.0
0.0
0.0
0.0
7.598
0.0
0.0
0.0
0.0
0.0
0.0
0.0
23.756
0.0
0.0
0.0
11.178
0.0
0.0
0.0
0.0
0.0
0.0
0.0
0.0
0.0
0.0
0.0
0.0
0.0
0.0
0.0
0.0
0.0
0.0
0.0
0.0
0.0
0.0
4.019
0.0
0.0
0.0
0.0
0.0
0.0
0.0
0.0
0.0
0.0
0.0
0.0
0.0
0.0
0.0
0.0
0.0
0.0
0.0
4.414
0.0
9.264
0.0
0.0
0.0
0.0
11.685
0.0
0.0
0.0
0.0
0.0
0.0
0.0
21.517
0.0
0.0
0.0
7.764
0.0
7.764
0.0
0.0
9.779
19.558
0.0
0.0
0.0
0.0
0.0
0.0
7.809
0.0
0.0
0.0
7.809
0.0
0.0
0.0
7.159
0.0
14.304
0.0
0.0
0.0
0.0
0.0
0.0
0.0
30.51
0.0
0.0
0.0
0.0
0.0
0.0
0.0
4.485
0.0
4.485
0.0
0.0
0.0
0.0
0.0
0.0
0.0
0.0
6.294
0.0
0.0
0.0
0.0
0.0
0.0
9.275
0.0
0.0
0.0
0.0
12.359
0.0
8.489
0.0
0.0
0.0
0.0
0.0
0.0
0.0
0.0
0.0
0.0
0.0
0.0
0.0
0.0
0.0
0.0
0.0
0.0
3.35
0.0
0.0
14.626
0.0
0.0
0.0
0.0
11.611
0.0
5.805
10.583
10.583
0.0
0.0
0.0
0.0
0.0
25.58
0.0
0.0
0.0
0.0
0.0
0.0
0.0
0.0
0.0
0.0
0.0
0.0
0.0
0.0
0.0
0.0
0.0
0.0
0.0
0.0
0.0
0.0
0.0
0.0
0.0
0.0
3.625
3.625
0.0
4.377
0.0
2.189
0.0
0.0
0.0
16.907
0.0
0.0
8.453
0.0
5.998
0.0
0.0
0.0
2.791
2.791
0.0
0.0
5.583
0.0
0.0
0.0
5.2
0.0
0.0
3.465
0.0
0.0
3.465
0.0
0.0
0.0
0.0
6.138
0.0
2.773
2.773
0.0
0.0
0.0
0.0
0.0
0.0
0.0
0.0
0.0
6.524
5.314
5.314
0.0
0.0
0.0
4.68
4.68
4.68
4.68
4.68
8.749
0.0
13.123
0.0
4.374
3.875
3.875
0.0
3.875
3.875
0.0
11.252
25.719
11.252
0.0
0.0
14.879
0.0
7.44
0.0
7.44
0.0
0.0
8.269
8.269
0.0
0.0
0.0
5.508
0.0
12.589
0.0
0.0
0.0
0.0
10.388
0.0
0.0
15.814
0.0
10.543
0.0
0.0
0.0
0.0
18.435
0.0
0.0
0.0
0.0
13.171
0.0
0.0
53.051
15.473
0.0
7.588
15.176
8.672
15.176
15.176
0.0
0.0
0.0
38.717
19.359
0.0
0.0
49.7
0.0
0.0
0.0
0.0
0.0
5.646
0.0
5.646
0.0
0.0
0.0
0.0
0.0
0.0
27.866
0.0
0.0
0.0
0.0
0.0
32.408
0.0
0.0
28.419
0.0
0.0
0.0
0.0
0.0
0.0
10.877
21.754
0.0
11.036
44.142
11.036
11.036
22.071
0.0
56.707
28.353
0.0
0.0
0.0
0.0
0.0
0.0
31.297
0.0
0.0
0.0
0.0
0.0
0.0
0.0
0.0
0.0
0.0
22.705
0.0
0.0
0.0
0.0
0.0
12.502
7.541
0.0
0.0
0.0
0.0
0.0
0.0
0.0
0.0
6.754
0.0
9.052
0.0
0.0
0.0
0.0
0.0
0.0
0.0
0.0
0.0
0.0
0.0
0.0
0.0
0.0
0.0
0.0
8.13
0.0
0.0
0.0
0.0
0.0
0.0
0.0
0.0
0.0
0.0
0.0
0.0
0.0
0.0
0.0
0.0
40.449
0.0
0.0
0.0
0.0
0.0
0.0
0.0
0.0
0.0
0.0
0.0
0.0
0.0
0.0
0.0
0.0
0.0
0.0
0.0
0.0
12.413
12.413
12.413
0.0
0.0
0.0
0.0
0.0
0.0
12.425
0.0
0.0
0.0
0.0
0.0
0.0
0.0
0.0
0.0
0.0
0.0
13.079
0.0
0.0
0.0
0.0
0.0
0.0
0.0
5.876
0.0
0.0
0.0
8.386
0.0
8.279
0.0
0.0
0.0
0.0
0.0
0.0
0.0
0.0
0.0
0.0
0.0
0.0
8.49
8.49
0.0
0.0
0.0
0.0
0.0
4.589
4.589
0.0
0.0
4.589
0.0
0.0
0.0
0.0
0.0
0.0
0.0
0.0
0.0
0.0
0.0
0.0
0.0
0.0
0.0
0.0
0.0
0.0
0.0
0.0
0.0
0.0
0.0
0.0
0.0
0.0
0.0
0.0
0.0
0.0
0.0
0.0
0.0
0.0
0.0
0.0
0.0
0.0
0.0
0.0
0.0
0.0
0.0
0.0
0.0
0.0
0.0
0.0
0.0
0.0
0.0
0.0
0.0
0.0
0.0
6.501
0.0
0.0
0.0
0.0
0.0
0.0
0.0
0.0
0.0
0.0
0.0
0.0
10.273
0.0
0.0
0.0
0.0
0.0
0.0
0.0
0.0
0.0
0.0
0.0
0.0
0.0
0.0
0.0
0.0
0.0
0.0
0.0
0.0
0.0
0.0
0.0
0.0
0.0
3.056
10.975
9.34
0.0
0.0
9.34
0.0
0.0
0.0
8.522
17.043
0.0
13.939
0.0
0.0
0.0
0.0
10.194
15.292
5.097
0.0
0.0
0.0
0.0
3.899
0.0
7.799
0.0
0.0
5.376
5.376
4.704
0.0
8.647
8.647
2.882
0.0
0.0
12.938
12.938
0.0
6.469
0.0
0.0
0.0
2.604
0.0
0.0
3.267
3.267
0.0
1.634
1.634
0.0
5.1
0.0
0.0
10.2
0.0
0.0
21.467
0.0
9.392
13.583
0.0
0.0
0.0
0.0
8.608
0.0
8.608
8.608
0.0
15.913
0.0
4.641
0.0
4.641
18.985
9.492
0.0
18.985
0.0
0.0
0.0
17.578
17.578
0.0
0.0
0.0
0.0
0.0
0.0
0.0
0.0
0.0
0.0
0.0
29.667
0.0
0.0
0.0
0.0
0.0
0.0
0.0
0.0
0.0
0.0
0.0
0.0
0.0
0.0
0.0
0.0
0.0
0.0
0.0
0.0
0.0
0.0
0.0
0.0
0.0
0.0
0.0
10.34
7.366
0.0
0.0
0.0
0.0
0.0
66.019
0.0
0.0
0.0
0.0
0.0
0.0
0.0
0.0
0.0
0.0
0.0
0.0
0.0
0.0
0.0
0.0
0.0
8.512
0.0
0.0
0.0
0.0
0.0
0.0
0.0
0.0
0.0
5.44
0.0
0.0
0.0
0.0
0.0
0.0
0.0
0.0
10.547
5.84
0.0
0.0
0.0
0.0
0.0
0.0
0.0
0.0
0.0
0.0
0.0
0.0
0.0
0.0
0.0
0.0
23.198
0.0
0.0
0.0
0.0
0.0
0.0
0.0
23.324
11.662
0.0
0.0
0.0
0.0
0.0
0.0
0.0
12.489
0.0
0.0
0.0
0.0
0.0
0.0
9.899
0.0
0.0
0.0
6.561
6.561
0.0
0.0
0.0
18.236
9.118
0.0
9.118
0.0
11.127
0.0
0.0
0.0
0.0
0.0
0.0
0.0
9.904
0.0
0.0
0.0
0.0
0.0
0.0
0.0
10.001
0.0
5.001
0.0
0.0
0.0
5.034
2.517
2.517
0.0
5.437
5.437
0.0
0.0
5.437
8.341
0.0
0.0
0.0
0.0
0.0
0.0
0.0
0.0
0.0
0.0
0.0
0.0
6.515
6.515
0.0
0.0
0.0
0.0
0.0
5.525
0.0
0.0
0.0
5.525
0.0
0.0
0.0
0.0
0.0
0.0
0.0
0.0
0.0
0.0
0.0
0.0
0.0
0.0
9.223
0.0
0.0
0.0
0.0
10.869
0.0
0.0
0.0
0.0
0.0
0.0
0.0
0.0
0.0
0.0
0.0
0.0
0.0
0.0
0.0
0.0
0.0
0.0
0.0
0.0
0.0
0.0
0.0
0.0
0.0
0.0
0.0
0.0
4.983
4.983
4.983
0.0
0.0
0.0
0.0
0.0
0.0
0.0
0.0
1.782
1.782
1.782
2.586
0.0
5.173
5.173
0.0
0.0
0.0
0.0
0.0
0.0
0.0
0.0
0.0
0.0
0.0
3.704
0.0
0.0
3.638
0.0
0.0
0.0
10.913
0.0
0.0
0.0
0.0
7.203
0.0
8.606
12.909
4.303
0.0
0.0
0.0
0.0
0.0
0.0
0.0
9.961
4.981
14.942
4.981
14.942
0.0
0.0
0.0
0.0
0.0
4.321
0.0
0.0
0.0
0.0
12.212
0.0
3.131
9.018
0.0
0.0
0.0
30.643
0.0
0.0
0.0
3.356
15.162
0.0
3.426
5.617
5.975
14.062
0.0
0.0
0.0
0.0
0.0
5.934
5.192
7.911
0.0
0.0
4.52
11.866
0.0
0.0
0.0
0.0
7.496
3.771
0.0
1.885
5.656
1.885
0.0
0.0
0.0
6.744
0.0
0.0
0.0
9.168
0.0
0.0
11.475
15.861
0.0
0.0
0.0
15.861
17.849
0.0
17.849
0.0
17.849
0.0
0.0
0.0
0.0
0.0
0.0
0.0
0.0
0.0
0.0
41.281
0.0
0.0
0.0
0.0
0.0
0.0
22.68
0.0
0.0
0.0
19.113
9.557
9.557
9.557
0.0
0.0
0.0
0.0
0.0
0.0
0.0
0.0
0.0
0.0
0.0
0.0
0.0
0.0
0.0
0.0
0.0
0.0
0.0
0.0
0.0
0.0
0.0
0.0
8.341
0.0
0.0
0.0
0.0
0.0
11.281
0.0
0.0
0.0
0.0
0.0
0.0
0.0
0.0
0.0
0.0
57.424
0.0
0.0
0.0
0.0
0.0
0.0
0.0
0.0
0.0
0.0
0.0
0.0
0.0
0.0
0.0
0.0
0.0
0.0
0.0
0.0
0.0
10.769
0.0
9.423
0.0
0.0
0.0
0.0
0.0
0.0
26.1
0.0
0.0
0.0
13.05
15.859
0.0
0.0
0.0
0.0
12.192
0.0
0.0
12.192
0.0
0.0
0.0
0.0
2.289
0.584
0.0
0.0
12.275
0.0
6.138
0.0
0.0
0.0
0.0
12.719
0.0
0.0
0.0
0.0
0.0
6.653
13.307
6.653
0.0
0.0
0.0
0.0
7.324
0.0
0.0
7.324
0.0
0.0
0.0
0.0
0.0
0.0
3.667
3.667
0.0
0.0
0.0
0.0
6.745
0.0
0.0
0.0
0.0
33.949
0.0
0.0
0.0
0.0
0.0
0.0
9.389
0.0
13.797
0.0
0.0
0.0
3.505
3.505
10.515
0.0
7.01
2.571
0.0
2.249
0.0
0.0
0.0
0.0
0.0
0.0
0.0
0.0
0.0
0.0
0.0
0.0
0.0
3.523
0.0
0.0
0.0
0.0
0.0
0.0
0.0
0.0
2.83
0.0
0.0
0.0
0.0
0.0
0.0
0.0
2.583
0.0
2.583
0.0
0.0
0.0
0.0
0.0
0.0
0.0
0.0
0.0
9.089
0.0
0.0
0.0
0.0
0.0
0.0
0.0
0.0
0.0
0.0
0.0
0.0
0.0
0.0
0.0
0.0
0.0
0.0
0.0
0.0
3.584
0.0
0.0
0.0
0.0
0.0
0.0
0.0
0.0
0.0
0.0
5.485
0.0
5.485
5.485
0.0
0.0
0.0
6.015
26.046
0.0
0.0
0.0
0.0
0.0
0.0
0.0
0.0
7.7
27.823
0.0
0.0
6.956
0.0
0.0
0.0
0.0
4.064
3.556
13.1
0.0
0.0
0.0
0.0
0.0
3.108
0.0
0.0
0.0
0.0
4.333
4.333
4.333
4.333
4.333
0.0
2.986
5.971
0.0
0.0
0.0
0.0
0.0
4.449
0.0
0.0
0.68
0.0
0.0
0.0
0.0
6.375
0.0
0.0
8.307
0.0
3.153
0.0
6.306
0.0
0.0
19.308
8.447
0.0
0.0
0.0
0.0
0.0
13.481
0.0
5.843
11.686
0.0
17.529
0.0
6.412
0.0
0.0
0.0
6.412
0.0
30.0
0.0
0.0
0.0
6.461
25.842
0.0
12.921
0.0
0.0
18.914
0.0
0.0
0.0
6.305
0.0
13.256
26.511
26.511
0.0
19.303
0.0
0.0
0.0
0.0
0.0
0.0
0.0
0.0
0.0
0.0
0.0
0.0
0.0
0.0
0.0
29.338
0.0
0.0
0.0
0.0
0.0
0.0
0.0
0.0
0.0
0.0
0.0
33.429
0.0
0.0
0.0
0.0
0.0
0.0
0.0
0.0
0.0
0.0
0.0
0.0
0.0
0.0
0.0
0.0
0.0
0.0
0.0
0.0
0.0
0.0
0.0
0.0
0.0
0.0
0.0
0.0
0.0
0.0
0.0
0.0
0.0
0.0
0.0
0.0
0.0
0.0
0.0
0.0
32.563
0.0
0.0
0.0
0.0
0.0
0.0
0.0
0.0
0.0
0.0
0.0
0.0
0.0
0.0
0.0
0.0
0.0
0.0
0.0
0.0
0.0
0.0
0.0
0.0
0.0
0.0
0.0
0.0
0.0
0.0
0.0
16.044
0.0
0.0
22.934
0.0
0.0
0.0
0.0
0.0
13.099
13.099
6.408
0.0
6.408
0.0
0.0
0.0
0.0
0.0
11.948
0.0
0.0
22.585
0.0
11.292
0.0
17.668
0.0
0.0
0.0
0.0
0.0
0.0
0.0
0.0
0.0
0.0
7.919
0.0
7.919
0.0
0.0
0.0
0.0
0.0
4.17
12.509
6.92
0.0
0.0
0.0
0.0
0.0
0.0
0.0
5.125
0.0
0.0
0.0
0.0
0.0
0.0
0.0
0.0
3.942
3.942
0.0
0.0
0.0
0.0
0.0
0.0
0.0
0.0
0.0
0.0
5.603
0.0
0.0
0.0
0.0
0.0
0.0
0.0
0.0
0.0
0.0
0.0
0.0
0.0
0.0
0.0
0.0
0.0
0.0
0.0
0.0
0.0
0.0
0.0
0.0
0.0
0.0
0.0
0.0
0.0
0.0
0.0
0.0
0.0
0.0
0.0
0.0
0.0
0.0
0.0
0.0
0.0
0.0
0.0
0.0
0.0
0.0
0.0
0.0
0.0
0.0
0.0
0.0
0.0
0.0
0.0
0.0
0.0
0.0
0.0
0.0
0.0
0.0
0.0
0.0
0.0
0.0
0.0
0.0
0.0
0.0
0.0
0.0
0.0
0.0
0.0
0.0
0.0
12.111
0.0
0.0
0.0
0.0
0.0
0.0
8.287
0.0
0.0
9.83
5.617
4.915
11.422
22.843
11.422
11.422
0.0
15.061
0.0
0.0
0.0
17.213
0.0
3.254
18.595
3.254
0.0
10.23
0.0
5.115
0.0
0.0
0.0
0.0
11.293
3.764
0.0
0.0
0.0
0.0
0.0
0.0
3.086
1.978
3.957
3.957
0.0
3.957
0.0
5.08
2.54
2.54
2.54
10.754
7.17
0.0
0.0
3.585
23.767
0.0
7.922
6.932
0.0
0.0
7.556
0.0
7.556
15.113
16.942
16.942
0.0
0.0
0.0
0.0
0.0
0.0
9.573
0.0
0.0
0.0
0.0
17.912
0.0
0.0
0.0
7.153
0.0
0.0
0.0
14.202
7.101
16.231
0.0
8.261
0.0
8.261
4.131
8.261
0.0
0.0
7.331
7.331
7.331
7.331
8.958
44.792
26.875
17.917
8.958
0.0
18.134
31.734
0.0
0.0
0.0
11.782
0.0
23.565
23.565
0.0
0.0
0.0
19.793
0.0
0.0
0.0
0.0
0.0
0.0
27.453
0.0
54.905
62.749
0.0
0.0
0.0
0.0
0.0
0.0
0.0
0.0
0.0
0.0
0.0
0.0
0.0
0.0
0.0
0.0
0.0
0.0
0.0
0.0
0.0
0.0
0.0
0.0
0.0
0.0
0.0
0.0
0.0
0.0
0.0
0.0
0.0
0.0
0.0
0.0
0.0
0.0
0.0
0.0
6.226
6.514
0.0
38.781
0.0
0.0
0.0
0.0
0.0
0.0
0.0
0.0
0.0
0.0
0.0
0.0
0.0
0.0
0.0
0.0
0.0
0.0
0.0
0.0
0.0
0.0
0.0
0.0
0.0
22.626
11.313
0.0
0.0
0.0
0.0
0.0
0.0
0.0
0.0
0.0
0.0
0.0
0.0
11.343
11.343
0.0
0.0
0.0
0.0
0.0
0.0
0.0
0.0
0.0
16.143
0.0
0.0
0.0
0.0
0.0
0.0
0.0
0.0
0.0
0.0
0.0
0.0
0.0
0.0
0.0
10.105
10.105
0.0
0.0
0.0
0.0
16.687
8.343
0.0
12.28
6.14
0.0
6.14
0.0
0.0
0.0
9.861
0.0
0.0
0.0
0.0
0.0
0.0
0.0
0.0
0.0
6.131
0.0
0.0
0.0
0.0
0.0
0.0
0.0
0.0
0.0
0.0
0.0
0.0
0.0
0.0
2.346
0.0
0.0
0.0
4.626
0.0
0.0
2.313
2.267
2.267
0.0
0.0
0.0
0.0
0.0
0.0
0.0
0.0
3.501
7.003
3.501
0.0
0.0
0.0
0.0
0.0
3.249
0.0
0.0
0.0
0.0
0.0
0.0
0.0
0.0
0.0
0.0
0.0
0.0
0.0
0.0
0.0
0.0
0.0
0.0
0.0
0.0
0.0
0.0
2.511
7.532
0.0
0.0
0.0
0.0
7.207
0.0
0.0
0.0
0.0
0.0
0.0
0.0
0.0
0.0
0.0
0.0
7.864
7.864
7.864
11.115
0.0
5.558
5.558
0.0
19.138
0.0
0.0
0.0
0.0
0.0
6.864
0.0
0.0
0.0
0.0
0.0
0.0
0.0
7.591
0.0
7.591
7.591
0.0
0.0
0.0
0.0
0.0
0.0
8.928
0.0
8.928
0.0
0.0
0.0
0.0
0.0
0.0
6.0
3.826
11.479
0.0
3.826
0.0
0.0
0.0
3.966
7.931
3.966
0.0
0.0
0.0
0.0
10.151
0.0
11.413
0.0
0.0
0.0
11.413
5.66
5.66
0.0
5.66
5.66
0.0
10.519
0.0
4.602
0.0
0.0
5.821
0.0
0.0
0.0
0.0
4.788
4.788
0.0
4.788
0.0
0.0
6.855
12.085
11.221
7.873
0.0
7.873
0.0
23.619
0.0
0.0
0.0
12.08
27.611
0.0
0.0
0.0
0.0
8.881
11.038
9.658
19.316
19.316
0.0
0.0
18.214
0.0
15.937
21.249
15.937
0.0
19.605
29.408
29.408
0.0
0.0
9.851
0.0
0.0
0.0
0.0
0.0
0.0
13.411
0.0
18.48
0.0
0.0
0.0
0.0
0.0
0.0
16.106
0.0
0.0
0.0
55.702
0.0
0.0
0.0
11.379
11.379
34.138
0.0
0.0
15.477
0.0
0.0
0.0
0.0
16.249
0.0
48.748
0.0
0.0
0.0
0.0
0.0
0.0
0.0
0.0
0.0
0.0
0.0
0.0
0.0
0.0
0.0
0.0
0.0
0.0
0.0
0.0
0.0
0.0
0.0
0.0
0.0
0.0
0.0
0.0
0.0
63.759
0.0
0.0
0.0
0.0
0.0
0.0
0.0
0.0
0.0
0.0
0.0
0.0
0.0
0.0
0.0
0.0
0.0
0.0
0.0
0.0
0.0
0.0
0.0
0.0
0.0
0.0
5.535
0.0
0.0
0.0
0.0
0.0
0.0
0.0
0.0
0.0
0.0
0.0
0.0
0.0
4.736
0.0
0.0
0.0
9.343
0.0
0.0
0.0
0.0
0.0
0.0
0.0
0.0
0.0
0.0
0.0
0.0
0.0
0.0
0.0
7.703
0.0
0.0
7.703
5.772
11.544
0.0
0.0
0.0
6.393
6.393
0.0
0.0
0.0
7.17
7.17
0.0
7.17
0.0
0.0
0.0
0.0
0.0
0.0
0.0
0.0
0.0
0.0
0.0
0.0
0.0
0.0
0.0
6.054
0.0
0.0
0.0
0.0
0.0
0.0
0.0
0.0
0.0
0.0
0.0
0.0
0.0
0.0
19.89
0.0
5.179
0.0
0.0
0.0
0.0
0.0
0.0
0.0
0.0
0.0
0.0
0.0
0.0
0.0
0.0
0.0
0.0
0.0
0.0
0.0
0.0
0.0
0.0
0.0
0.0
0.0
0.0
0.0
12.494
0.0
0.0
0.0
0.0
0.0
0.0
0.0
4.983
0.0
0.0
0.0
0.0
0.0
0.0
0.0
0.0
0.0
0.0
0.0
0.0
0.0
0.0
0.0
0.0
0.0
0.0
0.0
0.0
0.0
0.0
0.0
0.0
3.44
0.0
0.0
0.0
0.0
0.0
0.0
0.0
0.0
0.0
0.0
0.0
0.0
0.0
0.0
0.0
0.0
0.0
0.0
0.0
0.0
0.0
0.0
0.0
0.0
0.0
0.0
10.41
5.205
0.0
18.545
0.0
0.0
0.0
0.0
0.0
0.0
0.0
0.0
0.0
8.59
0.0
8.59
0.0
0.0
0.0
2.414
4.828
4.828
0.0
0.0
27.175
7.926
0.0
25.229
0.0
0.0
0.0
8.41
14.717
0.0
0.0
10.287
15.431
0.0
0.0
0.0
0.0
0.0
0.0
8.483
33.933
8.483
0.0
19.39
7.524
0.0
0.0
0.0
0.0
0.0
0.0
0.0
8.234
0.0
0.0
24.788
12.394
0.0
12.394
4.716
14.147
9.432
0.0
0.0
0.0
0.0
0.0
23.837
0.0
0.0
5.939
0.0
0.0
0.0
0.0
6.165
18.495
0.0
6.165
0.0
18.978
6.326
6.326
0.0
0.0
12.601
6.3
12.601
6.3
6.3
0.0
0.0
24.58
16.387
0.0
0.0
0.0
0.0
8.772
0.0
39.886
53.181
0.0
13.295
13.295
36.194
0.0
0.0
24.129
0.0
0.0
0.0
15.909
0.0
0.0
0.0
0.0
16.531
0.0
0.0
0.0
0.0
0.0
0.0
0.0
0.0
0.0
0.0
0.0
9.135
0.0
6.782
0.0
0.0
0.0
0.0
0.0
0.0
0.0
0.0
0.0
0.0
0.0
0.0
0.0
0.0
0.0
0.0
8.634
9.145
6.715
0.0
0.0
0.0
0.0
0.0
0.0
0.0
0.0
0.0
0.0
5.429
0.0
0.0
0.0
0.0
0.0
0.0
0.0
5.807
0.0
0.0
0.0
6.23
0.0
0.0
0.0
0.0
0.0
8.279
0.0
0.0
0.0
0.0
0.0
0.0
0.0
0.0
0.0
0.0
0.0
0.0
8.811
0.0
8.811
0.0
0.0
0.0
28.963
0.0
0.0
0.0
0.0
0.0
0.0
11.757
5.879
0.0
5.586
5.586
0.0
5.586
0.0
0.0
0.0
11.923
11.923
5.832
0.0
0.0
0.0
5.832
10.418
0.0
0.0
10.418
0.0
0.0
0.0
6.726
13.452
0.0
0.0
3.629
10.888
0.0
0.0
0.0
10.871
0.0
0.0
0.0
0.0
7.948
0.0
0.0
0.0
0.0
0.0
7.91
0.0
0.0
0.0
0.0
12.126
6.063
0.0
0.0
0.0
0.0
11.004
0.0
0.0
0.0
0.0
0.0
0.0
0.0
6.659
19.977
0.0
6.659
0.0
0.0
0.0
0.0
0.0
0.0
0.0
0.0
3.445
3.445
10.334
0.0
7.164
7.164
0.0
0.0
0.0
0.0
0.0
0.0
0.0
0.0
0.0
0.0
0.0
0.0
0.0
0.0
0.0
0.0
0.0
0.0
0.0
0.0
0.0
0.0
10.7
0.0
0.0
0.0
0.0
0.0
0.0
0.0
0.0
0.0
0.0
0.0
0.0
0.0
0.0
0.0
0.0
0.0
0.0
0.0
0.0
0.0
0.0
0.0
0.0
0.0
0.0
0.0
0.0
0.0
0.0
0.0
0.0
0.0
0.0
0.0
0.0
10.291
10.291
0.0
0.0
0.0
0.0
0.0
0.0
0.0
0.0
0.0
0.0
0.0
0.0
0.0
0.0
0.0
0.0
0.0
0.0
5.045
0.0
0.0
0.0
0.0
0.0
0.0
0.0
0.0
0.0
0.0
5.857
5.857
2.013
0.0
0.0
4.026
4.026
0.0
0.0
0.0
0.0
0.0
2.607
0.0
2.607
0.0
0.0
0.0
0.0
0.0
6.557
0.0
0.0
3.036
0.0
0.0
0.0
6.073
0.0
0.0
0.0
2.081
0.0
0.0
0.0
0.0
8.636
0.0
0.0
8.466
4.233
0.0
0.0
0.0
0.0
6.609
0.0
3.776
0.0
0.0
0.0
11.975
0.0
33.72
17.045
0.0
0.0
0.0
0.0
0.0
0.0
0.0
0.0
0.0
0.0
0.0
16.896
33.792
10.678
0.0
18.686
0.0
0.0
0.0
5.532
16.597
0.0
0.0
0.0
0.0
13.533
7.088
8.715
15.203
0.0
0.0
0.0
0.0
0.0
0.0
0.0
0.0
13.41
0.0
0.0
0.0
12.416
0.0
0.0
16.144
0.0
0.0
0.0
0.0
0.0
17.26
0.0
0.0
0.0
0.0
0.0
0.0
0.0
0.0
0.0
0.0
0.0
0.0
0.0
0.0
29.66
0.0
0.0
0.0
0.0
0.0
0.0
0.0
0.0
0.0
0.0
0.0
0.0
0.0
0.0
0.0
0.0
0.0
0.0
0.0
0.0
0.0
5.732
0.0
0.0
0.0
0.0
0.0
0.0
7.503
0.0
0.0
5.263
0.0
0.0
0.0
0.0
5.128
0.0
0.0
0.0
0.0
0.0
0.0
0.0
0.0
0.0
0.0
0.0
0.0
0.0
0.0
0.0
0.0
0.0
0.0
0.0
0.0
0.0
0.0
0.0
21.634
0.0
0.0
10.817
0.0
0.0
0.0
0.0
0.0
0.0
15.899
0.0
0.0
15.899
0.0
11.471
0.0
0.0
0.0
0.0
0.0
0.0
0.0
0.0
20.991
0.0
0.0
0.0
0.0
0.0
0.0
15.156
0.0
0.0
0.0
0.0
0.0
6.373
12.746
0.0
0.0
0.0
7.482
0.0
0.0
0.0
0.0
0.0
0.0
0.0
0.0
0.0
0.0
2.174
0.0
2.174
0.0
6.346
0.0
0.0
0.0
0.0
0.0
0.0
0.0
6.384
2.65
0.0
0.0
2.65
5.3
2.466
0.0
2.466
0.0
0.0
9.396
0.0
0.0
0.0
0.0
0.0
0.0
0.0
0.0
0.0
0.0
0.0
3.054
3.054
0.0
0.0
6.056
0.0
0.0
0.0
0.0
0.0
0.0
0.0
0.0
0.0
0.0
0.0
0.0
0.0
0.0
0.0
0.0
0.0
0.0
0.0
0.0
0.0
0.0
0.0
7.311
0.0
0.0
0.0
0.0
0.0
0.0
0.0
0.0
0.0
0.0
0.0
0.0
0.0
0.0
5.419
0.0
0.0
0.0
0.0
0.0
0.0
0.0
0.0
0.0
0.0
11.217
4.854
0.0
0.0
9.709
0.0
0.0
0.0
0.0
0.0
0.0
0.0
0.0
0.0
0.0
11.603
23.62
6.889
0.0
6.889
0.0
0.0
0.0
0.0
0.0
0.0
0.0
0.0
12.065
0.0
0.0
0.0
0.0
13.897
0.0
0.0
0.0
0.0
10.063
11.684
5.842
17.526
0.0
0.0
0.0
0.0
12.648
0.0
0.0
0.0
0.0
0.0
0.0
0.0
0.0
0.0
0.0
0.0
0.0
0.0
0.0
11.52
0.0
0.0
15.119
0.0
9.289
0.0
0.0
0.0
0.0
0.0
0.0
0.0
7.627
5.563
6.357
0.0
0.0
0.0
2.386
2.386
2.386
2.386
0.0
3.023
3.023
6.045
0.0
0.0
0.0
0.0
0.0
0.0
0.0
0.0
0.0
0.0
4.395
17.579
4.418
4.418
4.418
4.418
4.418
0.0
0.0
0.0
7.98
15.96
0.0
0.0
0.0
0.0
8.047
0.0
12.644
0.0
7.225
0.0
0.0
0.0
8.962
0.0
34.343
0.0
0.0
0.0
0.0
21.075
0.0
7.536
0.0
0.0
0.0
22.608
0.0
10.857
9.5
19.0
9.5
0.0
0.0
8.894
35.574
0.0
0.0
0.0
0.0
17.516
17.516
0.0
14.197
0.0
0.0
28.393
0.0
30.38
0.0
0.0
0.0
0.0
0.0
0.0
0.0
0.0
16.268
16.268
0.0
0.0
0.0
0.0
17.117
0.0
0.0
0.0
0.0
0.0
0.0
0.0
0.0
0.0
0.0
0.0
0.0
0.0
0.0
0.0
0.0
0.0
0.0
0.0
0.0
0.0
0.0
0.0
0.0
0.0
0.0
0.0
0.0
0.0
0.0
0.0
0.0
0.0
0.0
78.12
0.0
0.0
0.0
0.0
0.0
0.0
0.0
0.0
0.0
0.0
18.83
0.0
0.0
0.0
0.0
0.0
0.0
0.0
0.0
0.0
0.0
23.957
0.0
0.0
11.979
33.916
0.0
0.0
0.0
0.0
0.0
0.0
0.0
0.0
0.0
0.0
7.96
0.0
0.0
7.96
0.0
0.0
0.0
16.902
0.0
0.0
0.0
0.0
8.296
0.0
0.0
0.0
0.0
0.0
0.0
0.0
0.0
0.0
0.0
0.0
0.0
0.0
16.077
0.0
0.0
8.039
0.0
0.0
0.0
0.0
0.0
0.0
4.93
0.0
4.93
0.0
0.0
3.666
3.666
0.0
0.0
0.0
0.0
9.186
0.0
0.0
4.284
8.567
0.0
4.284
0.0
0.0
4.592
0.0
0.0
4.592
0.0
0.0
0.0
0.0
0.0
0.0
0.0
0.0
0.0
0.0
0.0
0.0
0.0
0.0
0.0
0.0
0.0
0.0
5.0
0.0
0.0
0.0
0.0
5.247
0.0
0.0
0.0
0.0
0.0
5.925
0.0
1.095
4.38
0.0
0.0
0.0
0.0
0.0
2.733
0.0
0.0
0.0
0.0
0.0
2.18
0.0
0.0
0.0
0.0
0.0
0.0
0.0
0.0
0.0
0.0
0.0
6.299
0.0
0.0
0.0
0.0
0.0
0.0
0.0
0.0
0.0
0.0
0.0
0.0
0.0
0.0
0.0
0.0
0.0
0.0
0.0
0.0
0.0
0.0
0.0
0.0
0.0
0.0
0.0
0.0
0.0
6.743
6.939
0.0
0.0
0.0
0.0
0.0
0.0
0.0
0.0
0.0
0.0
0.0
0.0
0.0
0.0
0.0
0.0
0.0
0.0
4.881
0.0
0.0
0.0
9.762
0.0
0.0
0.0
0.0
6.867
0.0
48.306
0.0
0.0
0.0
0.0
4.659
9.318
0.0
4.659
13.977
0.0
0.0
0.0
0.0
0.0
10.705
0.0
0.0
0.0
7.137
0.0
0.0
0.0
0.0
0.0
14.914
7.457
0.0
0.0
0.0
4.209
0.0
0.0
8.417
0.0
17.098
0.0
0.0
0.0
0.0
0.0
0.0
4.081
8.162
8.162
0.0
6.054
0.0
0.0
12.107
12.23
12.23
0.0
0.0
6.115
10.981
7.321
3.66
3.66
3.66
14.12
7.06
0.0
0.0
0.0
0.0
23.489
0.0
0.0
0.0
15.659
0.0
0.0
0.0
0.0
0.0
0.0
0.0
0.0
11.334
0.0
0.0
0.0
0.0
17.167
0.0
6.627
6.627
0.0
0.0
0.0
0.0
0.0
0.0
0.0
30.085
0.0
0.0
0.0
0.0
0.0
0.0
0.0
0.0
0.0
0.0
0.0
0.0
0.0
0.0
0.0
0.0
0.0
0.0
0.0
0.0
0.0
0.0
0.0
0.0
0.0
0.0
0.0
0.0
40.215
0.0
0.0
36.267
0.0
9.067
9.067
0.0
0.0
0.0
0.0
18.3
0.0
0.0
0.0
0.0
0.0
0.0
0.0
0.0
0.0
0.0
0.0
0.0
0.0
0.0
0.0
0.0
0.0
0.0
0.0
0.0
0.0
0.0
0.0
0.0
0.0
0.0
0.0
0.0
5.128
0.0
0.0
15.384
12.385
0.0
0.0
0.0
4.128
0.0
0.0
0.0
0.0
13.93
0.0
6.756
0.0
0.0
0.0
0.0
9.596
0.0
0.0
0.0
0.0
0.0
0.0
0.0
0.0
0.0
0.0
0.0
0.0
0.0
0.0
0.0
0.0
0.0
0.0
0.0
19.069
0.0
0.0
0.0
0.0
0.0
0.0
0.0
0.0
0.0
0.0
19.695
19.695
0.0
0.0
0.0
3.28
6.559
6.559
0.0
0.0
8.013
8.013
4.006
0.0
0.0
0.0
0.0
0.0
0.0
0.0
0.0
7.08
0.0
0.0
0.0
0.0
0.0
0.0
0.0
0.0
0.0
0.0
0.0
0.0
3.623
0.0
0.0
0.0
0.0
0.0
0.0
0.0
0.0
0.0
7.667
0.0
0.0
0.0
0.0
0.0
0.0
0.0
0.0
0.0
0.0
2.593
2.593
0.0
0.0
0.0
0.0
0.0
0.0
0.0
4.89
0.0
0.0
0.0
0.0
0.0
0.0
0.0
0.0
0.0
0.0
0.0
0.0
0.0
0.0
10.77
0.0
0.0
0.0
0.0
0.0
0.0
0.0
0.0
0.0
0.0
0.0
0.0
0.0
0.0
0.0
0.0
0.0
0.0
0.0
0.0
0.0
0.0
0.0
0.0
0.0
0.0
0.0
0.0
0.0
0.0
0.0
0.0
0.0
0.0
0.0
0.0
3.672
0.0
0.0
3.672
3.672
2.811
0.0
2.811
6.469
0.0
0.0
0.0
12.939
0.0
0.0
2.94
0.0
0.0
0.0
7.922
3.466
6.932
3.466
7.217
4.812
2.406
4.812
2.406
3.663
3.663
0.0
0.0
0.0
7.543
0.0
7.543
0.0
0.0
0.0
22.044
5.511
33.066
0.0
0.0
0.0
0.0
0.0
0.0
8.293
3.198
6.396
0.0
6.396
0.0
11.842
3.947
7.895
0.0
0.0
2.788
2.788
0.0
0.0
5.576
9.604
0.0
0.0
19.208
0.0
0.0
3.864
7.728
11.593
0.0
0.0
0.0
0.0
15.974
0.0
0.0
0.0
9.574
4.787
9.574
5.125
0.0
0.0
0.0
15.376
0.0
0.0
0.0
8.163
16.326
0.0
15.73
0.0
7.865
23.595
7.865
8.834
8.834
0.0
0.0
26.503
0.0
0.0
0.0
9.719
0.0
29.723
0.0
7.431
0.0
0.0
0.0
0.0
12.294
0.0
0.0
0.0
15.402
15.402
15.402
0.0
0.0
9.498
0.0
9.498
9.498
0.0
0.0
0.0
0.0
32.345
0.0
0.0
0.0
0.0
0.0
0.0
0.0
0.0
0.0
0.0
0.0
0.0
0.0
0.0
0.0
0.0
0.0
0.0
0.0
0.0
0.0
0.0
0.0
0.0
0.0
0.0
0.0
0.0
0.0
0.0
0.0
7.81
0.0
0.0
0.0
0.0
0.0
0.0
0.0
7.299
0.0
0.0
6.114
0.0
0.0
0.0
0.0
0.0
0.0
0.0
0.0
0.0
6.455
0.0
0.0
0.0
0.0
0.0
0.0
0.0
0.0
0.0
0.0
0.0
13.696
27.391
0.0
0.0
31.728
0.0
0.0
0.0
0.0
0.0
0.0
0.0
0.0
0.0
0.0
0.0
0.0
0.0
0.0
0.0
0.0
0.0
0.0
0.0
0.0
0.0
0.0
0.0
0.0
0.0
0.0
0.0
0.0
0.0
0.0
3.482
3.482
0.0
0.0
0.0
0.0
0.0
0.0
0.0
14.247
4.749
9.498
0.0
0.0
0.0
6.508
0.0
0.0
0.0
0.0
0.0
0.0
0.0
0.0
0.0
0.0
0.0
0.0
0.0
0.0
0.0
14.777
0.0
0.0
9.927
9.927
0.0
0.0
0.0
0.0
0.0
0.0
0.0
0.0
0.0
0.0
0.0
0.0
0.0
5.755
5.755
0.0
0.0
0.0
0.0
0.0
0.0
0.0
0.0
0.0
0.0
0.0
0.0
0.0
0.0
0.0
0.0
0.0
0.0
0.0
0.0
0.0
0.0
0.0
0.0
0.0
0.0
0.0
0.0
0.0
5.624
0.0
0.0
0.0
0.0
4.302
0.0
0.0
0.0
4.302
0.0
2.995
0.0
0.0
0.0
0.0
0.0
0.0
0.0
0.0
0.0
0.0
0.0
0.0
0.0
0.0
0.0
0.0
0.0
0.0
0.0
0.0
0.0
0.0
0.0
0.0
0.0
0.0
0.0
0.0
6.13
0.0
0.0
0.0
0.0
0.0
0.0
0.0
0.0
0.0
0.0
0.0
7.833
7.833
3.916
0.0
3.858
3.858
0.0
4.953
0.0
4.953
0.0
0.0
7.802
0.0
0.0
0.0
7.802
0.0
6.053
0.0
0.0
3.026
0.0
0.0
0.0
0.0
3.506
0.0
0.0
6.346
0.0
0.0
0.0
0.0
4.028
20.141
0.0
0.0
0.0
0.0
2.347
0.0
2.347
10.742
0.0
24.554
10.742
10.742
0.0
0.0
10.221
0.0
6.814
5.886
11.772
17.658
23.544
0.0
5.38
0.0
0.0
0.0
0.0
1.817
2.077
0.0
1.817
0.0
9.94
9.94
4.97
0.0
0.0
28.995
0.0
0.0
7.249
0.0
5.367
5.367
0.0
0.0
0.0
0.0
0.0
8.905
0.0
8.905
9.855
14.783
0.0
0.0
0.0
0.0
8.498
16.996
8.498
0.0
0.0
8.88
4.44
4.44
8.88
0.0
40.825
0.0
5.832
5.832
23.328
0.0
7.248
0.0
24.849
0.0
28.834
0.0
9.611
9.611
0.0
0.0
0.0
0.0
0.0
0.0
0.0
60.628
0.0
0.0
0.0
0.0
0.0
0.0
0.0
30.934
0.0
0.0
0.0
0.0
0.0
0.0
0.0
0.0
0.0
0.0
0.0
0.0
0.0
0.0
0.0
0.0
0.0
0.0
0.0
0.0
0.0
0.0
0.0
0.0
0.0
0.0
0.0
0.0
0.0
0.0
0.0
0.0
0.0
0.0
0.0
0.0
0.0
0.0
0.0
0.0
0.0
0.0
0.0
0.0
0.0
0.0
0.0
0.0
0.0
0.0
0.0
0.0
0.0
0.0
43.997
0.0
0.0
0.0
0.0
0.0
0.0
0.0
0.0
0.0
0.0
14.505
0.0
0.0
0.0
0.0
0.0
0.0
0.0
0.0
2.984
0.0
0.0
0.0
0.0
0.0
18.874
0.0
0.0
0.0
0.0
0.0
0.0
0.0
0.0
0.0
0.0
0.0
0.0
0.0
0.0
0.0
0.0
0.0
9.162
0.0
0.0
9.162
0.0
0.0
0.0
6.792
0.0
0.0
4.985
0.0
0.0
0.0
0.0
18.536
18.536
12.358
0.0
0.0
0.0
0.0
0.0
3.095
1.547
10.566
0.0
0.0
0.0
6.164
0.0
0.0
0.0
0.0
0.0
0.0
0.0
0.0
0.0
0.0
0.0
1.994
1.994
0.0
0.0
1.479
0.0
0.0
0.0
1.479
4.278
2.139
0.0
0.0
4.278
3.3
0.0
1.65
0.0
3.3
0.0
0.0
0.0
0.0
0.0
0.0
0.0
0.0
0.0
0.0
0.0
0.0
0.0
0.0
0.0
0.0
0.0
0.0
0.0
0.0
0.0
0.0
0.0
0.0
0.0
0.0
0.0
0.0
1.712
1.712
0.0
0.0
1.485
0.0
4.455
0.0
0.0
0.0
0.0
0.0
0.0
0.0
0.0
0.0
0.0
0.0
0.0
0.0
0.0
0.0
0.0
0.0
0.0
0.0
0.0
0.0
0.0
4.199
0.0
0.0
4.199
4.199
4.032
0.0
0.0
0.0
0.0
5.921
0.0
0.0
0.0
0.0
0.0
3.21
3.21
0.0
12.84
3.41
3.41
0.0
6.003
3.001
6.003
0.0
0.0
0.0
0.0
0.0
16.525
8.262
0.0
0.0
2.5
0.0
0.0
0.0
0.0
0.0
11.483
9.843
0.0
0.0
0.0
0.0
10.759
3.626
0.0
0.0
0.0
6.346
0.0
7.593
3.322
9.966
0.0
0.0
6.563
0.0
0.0
0.0
0.0
14.235
9.49
4.745
0.0
28.47
3.437
0.0
0.0
17.187
6.875
0.0
0.0
3.913
0.0
0.0
0.0
19.141
0.0
3.828
4.375
0.0
0.0
0.0
0.0
0.0
10.138
0.0
0.0
0.0
0.0
10.579
21.157
0.0
0.0
0.0
0.0
0.0
0.0
25.146
0.0
0.0
0.0
0.0
0.0
0.0
2.549
0.0
10.194
7.646
0.0
5.097
4.285
12.856
0.0
4.285
8.57
0.0
55.888
0.0
0.0
0.0
26.491
8.83
8.83
0.0
0.0
0.0
0.0
76.079
0.0
0.0
6.23
24.919
0.0
0.0
0.0
0.0
0.0
0.0
0.0
0.0
0.0
0.0
0.0
0.0
0.0
0.0
0.0
0.0
0.0
0.0
0.0
0.0
0.0
0.0
0.0
34.683
0.0
0.0
0.0
0.0
0.0
0.0
0.0
0.0
0.0
0.0
0.0
0.0
0.0
0.0
0.0
0.0
0.0
0.0
0.0
0.0
0.0
0.0
0.0
0.0
6.157
9.132
0.0
5.405
0.0
0.0
0.0
0.0
0.0
0.0
0.0
0.0
0.0
0.0
0.0
0.0
0.0
0.0
0.0
6.357
0.0
0.0
0.0
0.0
0.0
0.0
0.0
0.0
0.0
0.0
0.0
0.0
0.0
0.0
0.0
0.0
0.0
0.0
0.0
0.0
9.033
0.0
0.0
0.0
0.0
0.0
0.0
0.0
0.0
0.0
0.0
28.186
0.0
3.942
0.0
0.0
0.0
0.0
0.0
0.0
0.0
0.0
0.0
0.0
0.0
33.594
0.0
3.406
6.812
0.0
0.0
0.0
2.702
3.088
0.0
0.0
0.0
0.0
0.0
0.0
0.0
0.0
8.036
0.0
0.0
0.0
0.0
0.0
5.42
0.0
0.0
10.84
5.42
0.0
0.0
0.0
0.0
0.0
4.837
4.837
9.674
0.0
0.0
0.0
0.0
0.0
6.162
0.0
0.0
0.0
0.0
0.0
0.0
0.0
0.0
1.652
0.0
0.0
0.0
0.0
0.0
0.0
0.0
0.0
0.0
0.0
8.032
8.032
0.0
0.0
0.0
0.0
0.0
0.0
0.0
0.0
0.0
0.0
0.0
0.0
0.0
0.0
0.0
5.487
0.0
0.0
0.0
0.0
0.0
0.0
0.0
5.715
8.572
0.0
0.0
0.0
0.0
0.0
0.0
1.163
0.0
0.0
0.0
1.163
1.515
0.0
0.0
0.0
0.0
0.0
0.0
0.0
0.0
0.0
0.0
0.0
0.0
0.0
0.0
0.0
0.0
0.0
0.0
0.0
0.0
0.0
0.0
0.0
5.823
17.47
4.921
0.0
0.0
0.0
0.0
3.064
0.0
3.064
3.064
0.0
0.0
0.0
8.603
0.0
0.0
3.114
3.114
3.114
0.0
0.0
0.0
0.0
0.0
0.0
0.0
0.0
0.0
0.0
3.997
8.537
4.269
0.0
4.269
8.537
2.893
0.0
5.786
0.0
2.893
2.909
1.454
1.454
0.0
4.363
0.0
8.338
16.676
4.169
0.0
0.0
0.0
0.0
0.0
0.0
0.0
0.0
0.0
3.344
3.344
6.688
0.0
0.0
0.0
3.049
0.0
0.0
3.813
3.813
0.0
0.0
1.547
7.734
3.094
7.734
0.0
0.0
0.0
0.0
0.0
0.0
11.443
0.0
0.0
0.0
0.0
22.409
11.205
0.0
22.409
11.205
7.031
0.0
7.031
0.0
0.0
0.0
8.189
8.189
0.0
0.0
20.136
0.0
0.0
0.0
0.0
20.136
11.139
0.0
0.0
22.277
0.0
6.319
6.319
0.0
12.639
0.0
0.0
0.0
0.0
14.601
0.0
0.0
0.0
0.0
0.0
0.0
0.0
0.0
0.0
0.0
0.0
0.0
0.0
0.0
0.0
0.0
0.0
0.0
0.0
0.0
0.0
0.0
0.0
0.0
20.074
20.074
0.0
0.0
0.0
0.0
0.0
0.0
0.0
0.0
0.0
0.0
0.0
0.0
0.0
0.0
0.0
0.0
0.0
0.0
0.0
0.0
0.0
0.0
0.0
0.0
0.0
0.0
0.0
0.0
0.0
0.0
6.751
0.0
0.0
0.0
0.0
0.0
0.0
0.0
0.0
0.0
0.0
0.0
0.0
0.0
0.0
0.0
7.066
0.0
11.334
0.0
0.0
7.625
0.0
0.0
7.075
0.0
0.0
9.813
0.0
0.0
0.0
0.0
26.147
0.0
8.716
8.716
0.0
0.0
0.0
13.93
0.0
0.0
0.0
0.0
0.0
0.0
14.591
10.678
0.0
0.0
10.678
21.355
6.126
0.0
0.0
6.126
0.0
0.0
7.94
0.0
0.0
7.94
3.462
0.0
6.924
0.0
3.462
0.0
15.958
0.0
0.0
0.0
3.229
0.0
0.0
0.0
7.38
0.0
0.0
0.0
8.818
0.0
0.0
0.0
2.016
4.031
2.016
2.016
0.0
0.0
0.0
0.0
3.725
0.0
0.0
0.0
1.726
1.726
0.0
0.0
5.097
0.0
0.0
4.459
0.0
0.0
8.917
0.0
0.0
0.0
0.0
1.832
0.0
0.0
0.0
0.0
0.0
3.164
0.0
0.0
0.0
0.0
0.0
0.0
0.0
0.0
0.0
0.0
0.0
0.0
0.0
0.0
0.0
0.0
0.0
0.0
0.0
12.42
0.0
0.0
0.0
0.0
0.0
0.0
5.065
0.0
0.0
0.0
0.0
0.0
0.0
0.0
0.0
0.0
0.0
0.0
0.0
0.0
0.0
0.0
0.0
0.0
0.0
0.0
0.0
0.0
0.0
0.0
2.11
0.0
0.0
0.0
0.0
0.0
0.0
0.0
0.0
0.0
0.0
0.0
13.442
0.0
0.0
0.0
3.36
0.0
7.433
7.433
0.0
0.0
0.0
0.0
0.0
0.0
0.0
0.0
0.0
0.0
0.0
6.181
6.729
0.0
0.0
0.0
0.0
13.155
8.77
0.0
0.0
0.0
10.396
18.193
9.097
0.0
0.0
33.86
0.0
0.0
0.0
0.0
0.0
7.3
14.6
12.652
0.0
6.326
12.652
0.0
17.687
0.0
0.0
0.0
0.0
0.0
0.0
0.0
0.0
2.291
0.0
0.0
0.0
0.0
0.0
0.0
0.0
0.0
0.0
0.0
18.649
1.216
0.0
3.817
0.0
1.216
0.0
3.473
10.418
3.473
3.473
0.0
0.0
0.0
17.109
0.0
0.0
0.0
8.546
17.093
0.0
12.212
0.0
0.0
0.0
0.0
0.0
0.0
0.0
0.0
0.0
18.228
9.114
9.114
0.0
0.0
0.0
0.0
11.736
0.0
0.0
17.256
17.256
0.0
0.0
8.628
17.256
0.0
0.0
16.376
24.564
16.376
0.0
0.0
0.0
0.0
0.0
29.784
0.0
0.0
0.0
29.784
0.0
0.0
0.0
0.0
0.0
0.0
0.0
9.805
0.0
0.0
0.0
0.0
0.0
0.0
0.0
0.0
0.0
0.0
0.0
0.0
0.0
0.0
0.0
0.0
6.887
0.0
0.0
6.593
0.0
0.0
0.0
8.916
0.0
0.0
0.0
8.981
0.0
0.0
0.0
0.0
0.0
0.0
0.0
0.0
0.0
0.0
0.0
0.0
0.0
0.0
0.0
0.0
0.0
0.0
0.0
0.0
0.0
0.0
0.0
0.0
0.0
0.0
0.0
0.0
0.0
0.0
0.0
0.0
0.0
0.0
0.0
0.0
0.0
0.0
65.781
0.0
0.0
0.0
0.0
0.0
0.0
0.0
0.0
0.0
0.0
0.0
0.0
0.0
0.0
0.0
0.0
0.0
0.0
0.0
0.0
0.0
0.0
0.0
0.0
0.0
0.0
0.0
0.0
47.813
0.0
0.0
0.0
0.0
0.0
0.0
0.0
9.141
0.0
0.0
20.339
0.0
6.78
0.0
0.0
0.0
5.922
0.0
5.139
0.0
0.0
10.278
10.278
0.0
0.0
0.0
10.215
0.0
0.0
0.0
0.0
0.0
0.0
0.0
21.063
0.0
9.215
9.215
9.215
0.0
0.0
0.0
0.0
0.0
0.0
0.0
0.0
0.0
0.0
0.0
0.0
0.0
0.0
0.0
0.0
3.524
0.0
0.0
7.049
0.0
0.0
0.0
0.0
0.0
5.544
5.544
0.0
0.0
0.0
0.0
0.0
10.464
0.0
0.0
0.0
0.0
0.0
0.0
0.0
0.0
0.0
8.281
0.0
0.0
0.0
0.0
0.0
0.0
0.0
0.0
0.0
0.0
0.0
0.0
0.0
0.0
0.0
0.0
0.0
6.793
0.0
2.832
2.832
0.0
0.0
0.0
0.0
0.0
0.0
0.0
3.738
0.0
0.0
1.869
0.0
0.0
0.0
0.0
0.0
0.0
0.0
0.0
0.0
0.0
0.0
0.0
0.0
2.074
0.0
0.0
0.0
4.566
0.0
2.283
0.0
0.0
0.0
2.473
0.0
4.946
4.946
0.0
0.0
6.576
0.0
0.0
0.0
4.799
0.0
0.0
0.0
0.0
0.0
0.0
0.0
0.0
0.0
0.0
0.0
0.0
0.0
0.0
0.0
0.0
0.0
0.0
5.348
0.0
5.348
9.548
9.548
0.0
0.0
0.0
20.784
10.392
0.0
0.0
0.0
0.0
0.0
0.0
0.0
0.0
7.903
0.0
4.888
0.0
0.0
9.777
0.0
0.0
0.0
0.0
5.925
0.0
0.0
0.0
0.0
0.0
0.0
0.0
0.0
4.828
0.0
7.352
0.0
2.451
9.803
7.352
0.0
9.193
9.193
0.0
4.596
0.0
0.0
0.0
0.0
7.006
5.72
5.72
5.72
0.0
22.881
8.39
0.0
25.171
8.39
0.0
35.49
11.83
0.0
0.0
0.0
5.523
0.0
16.57
0.0
5.523
0.0
0.0
21.328
0.0
7.109
0.0
0.0
0.0
22.441
0.0
0.0
0.0
13.443
40.328
13.443
0.0
17.816
0.0
0.0
0.0
17.816
0.0
16.389
0.0
5.463
5.463
0.0
0.0
0.0
0.0
0.0
0.0
0.0
0.0
0.0
0.0
0.0
0.0
0.0
0.0
0.0
0.0
0.0
0.0
0.0
0.0
0.0
0.0
0.0
0.0
0.0
0.0
0.0
0.0
0.0
0.0
0.0
0.0
0.0
0.0
0.0
0.0
0.0
0.0
0.0
20.973
41.945
12.037
5.431
0.0
0.0
0.0
0.0
0.0
0.0
0.0
0.0
0.0
0.0
0.0
0.0
0.0
6.512
0.0
0.0
0.0
0.0
0.0
0.0
0.0
0.0
0.0
0.0
0.0
0.0
0.0
0.0
7.442
0.0
0.0
46.171
0.0
0.0
0.0
33.048
0.0
0.0
0.0
0.0
0.0
0.0
0.0
13.472
11.755
0.0
0.0
0.0
0.0
0.0
0.0
0.0
0.0
0.0
0.0
10.285
0.0
0.0
0.0
0.0
0.0
0.0
0.0
0.0
0.0
0.0
0.0
0.0
0.0
11.542
11.542
0.0
0.0
0.0
0.0
0.0
0.0
33.68
0.0
0.0
0.0
8.144
0.0
0.0
0.0
0.0
0.0
15.975
7.987
0.0
1.261
0.0
0.0
0.0
0.0
0.0
0.0
0.0
0.0
0.0
0.0
3.158
6.316
0.0
0.0
0.0
0.0
0.0
0.0
0.0
0.0
0.0
0.0
0.0
0.0
0.0
0.0
0.0
0.0
0.0
0.0
0.0
2.1
0.0
0.0
0.0
0.0
0.0
0.0
0.0
3.42
0.0
0.0
0.0
0.0
2.372
2.372
0.0
2.372
0.0
0.0
0.0
0.0
0.0
0.0
0.0
0.0
0.0
0.0
0.0
0.0
0.0
0.0
0.0
0.0
0.588
0.0
0.0
0.0
0.0
0.0
0.0
0.0
0.0
0.0
0.0
0.0
0.0
0.0
0.0
0.0
0.0
0.0
0.0
0.0
0.0
0.0
0.0
0.0
0.0
4.715
0.0
0.0
0.0
0.0
0.0
0.0
0.0
0.0
5.5
11.001
0.0
0.0
1.344
0.0
0.0
0.0
0.0
0.0
0.0
0.0
5.429
3.09
12.361
9.271
0.0
0.0
0.0
0.0
0.0
0.0
0.0
0.0
0.0
0.0
0.0
0.0
0.0
0.0
0.0
0.0
0.0
0.0
0.0
0.0
12.46
0.0
0.0
0.0
0.0
0.0
0.0
0.0
0.0
0.0
31.808
0.0
0.0
0.0
15.904
0.0
8.027
24.081
0.0
8.027
16.054
0.0
14.192
0.0
0.0
0.0
0.0
0.0
2.849
0.0
0.0
0.0
0.0
5.804
0.0
0.0
0.0
4.674
0.0
4.674
0.0
3.855
0.0
0.0
0.0
0.0
0.0
0.0
0.0
0.0
0.0
0.0
0.0
0.0
0.0
9.05
39.59
0.0
0.0
15.836
0.0
3.734
0.0
7.468
0.0
0.0
19.528
6.509
0.0
0.0
0.0
0.0
20.148
0.0
13.432
6.716
0.0
0.0
59.782
23.913
11.956
11.956
0.0
24.503
0.0
0.0
0.0
0.0
11.73
0.0
0.0
0.0
0.0
0.0
0.0
0.0
12.54
0.0
0.0
10.688
0.0
10.688
0.0
0.0
0.0
0.0
0.0
0.0
0.0
0.0
0.0
41.537
0.0
0.0
0.0
0.0
0.0
0.0
0.0
0.0
0.0
0.0
0.0
10.857
21.714
0.0
10.857
34.939
0.0
0.0
0.0
34.939
0.0
0.0
0.0
0.0
0.0
0.0
0.0
0.0
0.0
0.0
0.0
0.0
0.0
0.0
0.0
0.0
0.0
0.0
0.0
0.0
0.0
0.0
0.0
0.0
0.0
34.456
0.0
0.0
0.0
0.0
0.0
0.0
13.154
0.0
0.0
0.0
39.461
40.281
0.0
0.0
0.0
0.0
0.0
0.0
0.0
38.676
0.0
0.0
0.0
0.0
0.0
18.733
0.0
0.0
0.0
0.0
43.125
0.0
0.0
0.0
0.0
0.0
0.0
0.0
20.301
0.0
0.0
0.0
0.0
0.0
7.439
0.0
16.923
0.0
0.0
16.923
0.0
4.564
0.0
4.564
0.0
0.0
0.0
0.0
8.955
4.477
0.0
0.0
0.0
5.287
2.643
7.93
0.0
12.079
0.0
0.0
0.0
0.0
4.659
0.0
0.0
4.659
0.0
0.0
0.0
0.0
0.0
0.0
0.0
4.874
0.0
0.0
0.0
7.65
0.0
0.0
0.0
0.0
7.239
0.0
0.0
0.0
0.0
5.857
0.0
0.0
0.0
0.0
0.0
0.0
0.0
16.083
0.0
0.0
0.0
0.0
0.0
0.0
0.0
0.0
0.0
0.0
0.0
0.0
0.0
0.0
0.0
0.0
0.0
0.0
0.0
0.0
0.0
0.0
0.0
0.0
0.0
0.0
0.0
4.652
0.0
0.0
0.0
0.0
0.0
0.758
0.0
0.0
0.0
0.0
0.0
0.0
0.0
0.0
4.425
0.0
0.0
0.0
0.0
0.0
0.0
0.0
0.0
0.0
0.0
0.0
0.0
0.0
0.0
0.0
0.0
0.0
0.0
0.0
0.0
0.0
0.0
8.24
0.0
0.0
0.0
0.0
0.0
0.0
0.0
0.0
0.0
0.0
0.0
0.0
0.0
0.0
0.0
0.0
0.0
0.0
1.507
1.507
3.014
0.0
0.0
0.0
0.0
0.0
3.947
5.92
0.0
0.0
3.947
1.585
3.169
3.169
0.0
1.585
0.0
0.0
11.555
0.0
0.0
0.0
0.0
0.0
3.426
3.426
0.0
0.0
0.0
0.0
0.0
29.071
0.0
13.073
4.358
0.0
17.431
0.0
0.0
0.0
0.0
7.183
0.0
0.0
0.0
0.0
0.0
0.0
15.644
7.822
0.0
0.0
0.0
0.0
0.0
0.0
52.013
0.0
18.478
6.159
6.159
6.159
0.0
0.0
13.015
0.0
8.677
0.0
2.811
0.0
5.623
5.623
13.573
0.0
13.573
13.573
6.787
8.164
0.0
8.164
12.246
0.0
0.0
0.0
0.0
20.333
20.333
7.628
0.0
30.51
7.628
15.255
7.628
0.0
0.0
18.737
9.368
0.0
12.684
12.684
6.342
0.0
6.342
0.0
0.0
0.0
51.646
0.0
20.516
30.775
10.258
0.0
0.0
0.0
0.0
0.0
0.0
0.0
0.0
22.065
0.0
0.0
22.065
0.0
0.0
0.0
0.0
0.0
0.0
0.0
0.0
0.0
0.0
0.0
0.0
0.0
0.0
0.0
0.0
0.0
15.306
15.306
0.0
0.0
51.555
0.0
0.0
0.0
18.145
18.145
0.0
0.0
0.0
18.145
0.0
0.0
0.0
0.0
0.0
0.0
0.0
0.0
0.0
0.0
0.0
0.0
0.0
0.0
0.0
0.0
0.0
0.0
0.0
0.0
0.0
0.0
0.0
0.0
37.09
0.0
0.0
42.263
0.0
0.0
0.0
0.0
0.0
0.0
0.0
0.0
0.0
0.0
0.0
0.0
0.0
0.0
0.0
0.0
0.0
0.0
0.0
0.0
24.752
0.0
8.251
0.0
30.936
0.0
0.0
0.0
0.0
0.0
0.0
0.0
0.0
4.482
0.0
4.482
0.0
0.0
18.091
0.0
0.0
0.0
0.0
0.0
9.991
0.0
0.0
0.0
0.0
9.716
0.0
0.0
0.0
0.0
0.0
0.0
0.0
0.0
0.0
0.0
0.0
0.0
0.0
0.0
10.819
5.41
0.0
10.819
0.0
0.0
0.0
0.0
0.0
17.205
0.0
0.0
46.752
0.0
0.0
0.0
0.0
0.0
0.0
0.0
0.0
0.0
0.0
0.0
0.0
0.0
0.0
0.0
0.0
0.0
0.0
0.0
0.0
0.0
41.489
5.292
0.0
0.0
0.0
0.0
2.193
0.0
0.0
2.193
0.0
3.253
0.0
0.0
0.0
0.0
0.0
0.0
0.0
0.0
0.0
0.0
0.0
0.0
0.0
0.0
0.0
1.472
0.0
1.472
0.0
0.0
0.0
0.0
0.0
2.657
0.0
0.0
0.0
0.0
0.0
0.0
0.0
0.0
0.0
2.432
0.0
0.0
0.0
0.0
0.0
0.0
0.0
0.0
0.0
0.0
3.566
3.566
0.0
0.0
3.61
0.0
0.0
0.0
0.0
0.0
0.0
0.0
10.24
0.0
0.0
5.12
10.24
0.0
0.0
0.0
0.0
0.0
0.0
0.0
0.0
0.0
0.0
6.549
0.0
0.0
0.0
3.036
0.0
0.0
0.0
15.771
0.0
23.657
7.886
0.0
8.781
0.0
13.171
8.781
0.0
8.704
0.0
0.0
0.0
0.0
0.0
0.0
0.0
0.0
0.0
0.0
0.0
0.0
9.483
0.0
9.483
0.0
0.0
0.0
0.0
4.587
0.0
0.0
22.102
0.0
0.0
0.0
0.0
25.96
0.0
0.0
20.864
0.0
0.0
10.432
0.0
0.0
0.0
0.0
10.467
0.0
0.0
8.278
0.0
0.0
0.0
6.312
0.0
18.936
0.0
18.936
0.0
15.284
0.0
7.642
22.926
0.0
0.0
0.0
0.0
0.0
0.0
0.0
0.0
7.37
0.0
0.0
0.0
0.0
0.0
10.808
0.0
0.0
0.0
12.84
12.84
0.0
0.0
0.0
0.0
0.0
0.0
5.503
0.0
0.0
5.503
16.509
36.549
9.137
18.275
18.275
9.137
14.29
0.0
0.0
14.29
14.29
0.0
0.0
0.0
30.559
10.186
38.948
0.0
38.948
0.0
9.737
0.0
0.0
0.0
0.0
0.0
42.276
0.0
42.276
0.0
0.0
0.0
0.0
0.0
0.0
0.0
0.0
30.022
0.0
0.0
0.0
0.0
0.0
0.0
0.0
0.0
0.0
0.0
0.0
0.0
0.0
0.0
0.0
0.0
0.0
0.0
0.0
0.0
0.0
0.0
0.0
0.0
0.0
0.0
0.0
0.0
0.0
0.0
0.0
0.0
0.0
0.0
0.0
0.0
0.0
0.0
33.761
0.0
0.0
0.0
0.0
0.0
0.0
0.0
0.0
0.0
0.0
0.0
0.0
0.0
0.0
0.0
0.0
0.0
0.0
0.0
0.0
0.0
0.0
0.0
0.0
0.0
22.261
0.0
0.0
0.0
0.0
0.0
0.0
0.0
0.0
0.0
0.0
0.0
0.0
0.0
0.0
0.0
0.0
0.0
0.0
0.0
0.0
0.0
0.0
0.0
0.0
0.0
0.0
0.0
0.0
6.768
0.0
0.0
0.0
0.0
0.0
0.0
0.0
0.0
0.0
7.664
0.0
0.0
0.0
0.0
2.764
0.0
2.764
0.0
0.0
0.0
0.0
0.0
0.0
0.0
0.0
0.0
6.498
4.126
0.0
0.0
0.0
0.0
0.0
0.0
0.0
0.0
0.0
0.0
0.0
0.0
0.0
0.0
0.0
0.0
1.729
0.0
0.0
0.0
0.0
0.0
0.0
3.822
0.0
0.0
0.0
0.0
0.0
0.0
0.0
3.469
0.0
0.0
0.0
0.0
0.0
0.0
0.0
16.906
0.0
0.0
0.0
0.0
0.0
0.0
0.0
0.0
0.0
0.0
0.0
0.0
0.0
0.0
0.0
0.0
0.0
0.0
0.0
4.421
2.029
0.0
0.0
0.0
0.0
0.0
0.0
0.0
0.0
0.0
0.0
10.747
0.0
0.0
0.0
0.0
0.0
0.0
0.0
0.0
0.0
0.0
0.0
0.0
3.976
3.976
0.0
0.0
0.0
40.94
0.0
0.0
0.0
0.0
0.0
0.0
0.0
0.0
0.0
0.0
14.075
6.628
0.0
0.0
0.0
0.0
2.153
0.0
4.306
14.867
0.0
0.0
14.867
14.867
0.0
6.071
6.071
18.214
6.071
7.604
0.0
0.0
0.0
11.406
0.0
0.0
0.0
0.0
0.0
0.0
0.0
0.0
0.0
6.673
0.0
3.082
0.0
6.163
0.0
0.0
0.0
0.0
0.0
0.0
6.935
0.0
0.0
0.0
4.401
4.401
0.0
9.66
0.0
0.0
6.44
0.0
0.0
0.0
7.922
0.0
1.635
4.905
3.27
0.0
0.0
0.0
16.996
4.249
0.0
8.498
0.0
11.261
3.754
0.0
0.0
0.0
0.0
9.635
0.0
0.0
0.0
21.364
0.0
0.0
10.682
0.0
0.0
0.0
0.0
0.0
21.163
14.109
0.0
0.0
21.163
0.0
0.0
0.0
0.0
26.278
0.0
0.0
31.235
0.0
15.617
15.617
0.0
0.0
0.0
19.365
0.0
45.473
0.0
0.0
0.0
34.105
32.154
0.0
0.0
0.0
16.077
0.0
0.0
0.0
0.0
0.0
28.292
28.292
0.0
28.292
0.0
0.0
0.0
0.0
0.0
0.0
0.0
0.0
0.0
0.0
0.0
0.0
0.0
0.0
0.0
0.0
0.0
0.0
0.0
0.0
0.0
0.0
0.0
0.0
0.0
0.0
0.0
0.0
0.0
0.0
0.0
0.0
0.0
14.288
0.0
0.0
0.0
0.0
0.0
0.0
0.0
0.0
0.0
0.0
0.0
0.0
46.492
0.0
0.0
0.0
0.0
0.0
0.0
0.0
0.0
0.0
0.0
0.0
0.0
0.0
0.0
0.0
0.0
0.0
8.881
0.0
0.0
0.0
10.183
0.0
0.0
5.091
5.091
0.0
0.0
34.216
0.0
17.108
0.0
0.0
9.989
19.979
0.0
0.0
0.0
3.113
0.0
3.113
0.0
0.0
9.266
0.0
0.0
8.445
8.445
0.0
0.0
16.891
5.971
0.0
0.0
0.0
0.0
0.0
6.498
0.0
0.0
19.495
0.0
0.0
0.0
0.0
0.0
2.987
0.0
0.0
0.0
2.987
2.987
13.695
0.0
0.0
0.0
0.0
0.0
8.234
16.468
0.0
0.0
0.0
0.0
0.0
0.0
0.0
0.0
0.0
0.0
0.0
0.0
20.327
10.164
0.0
0.0
0.0
0.0
6.449
0.0
0.0
0.0
0.0
0.0
0.0
0.0
4.689
0.0
0.0
0.0
0.0
0.0
0.0
0.0
0.0
0.0
0.0
0.0
0.0
0.0
0.0
0.0
0.0
0.0
5.96
0.0
0.0
0.0
0.0
0.0
0.0
12.313
0.0
0.0
0.0
0.0
0.0
0.0
1.246
2.492
0.0
0.0
0.0
0.0
0.0
0.0
0.0
0.0
0.0
0.0
0.0
0.0
0.0
0.0
0.0
0.0
0.0
0.0
2.788
2.788
0.0
0.0
0.0
0.0
0.0
0.0
7.276
0.0
0.0
4.613
0.0
0.0
0.0
13.84
0.0
0.0
0.0
0.0
12.075
0.0
8.977
13.465
0.0
0.0
0.0
9.032
36.129
0.0
9.032
4.965
0.0
0.0
3.327
3.327
0.0
0.0
3.327
0.0
0.0
1.959
0.0
3.917
4.235
8.471
0.0
0.0
4.235
0.0
3.79
3.79
0.0
0.0
0.0
0.0
0.0
0.0
0.0
4.995
0.0
0.0
0.0
4.995
0.0
0.0
0.0
7.522
3.761
0.0
0.0
0.0
0.0
8.946
8.946
0.0
0.0
2.468
0.0
0.0
0.0
4.751
9.501
0.0
0.0
0.0
0.0
2.881
5.763
5.763
0.0
0.0
5.321
15.963
5.321
0.0
6.709
0.0
20.126
0.0
0.0
0.0
10.288
10.288
0.0
0.0
0.0
0.0
36.093
0.0
0.0
0.0
7.611
22.832
0.0
5.485
5.485
0.0
0.0
10.97
0.0
8.14
8.14
0.0
8.14
0.0
4.368
0.0
0.0
8.736
4.368
0.0
8.383
4.192
12.575
0.0
0.0
28.389
0.0
0.0
0.0
0.0
0.0
11.067
5.533
0.0
0.0
0.0
14.203
28.406
0.0
0.0
11.504
0.0
0.0
11.504
0.0
14.548
29.097
0.0
0.0
0.0
0.0
0.0
13.19
39.571
0.0
0.0
0.0
0.0
0.0
0.0
0.0
20.547
0.0
0.0
28.025
0.0
0.0
0.0
0.0
0.0
0.0
0.0
0.0
0.0
0.0
0.0
0.0
0.0
6.572
0.0
0.0
0.0
0.0
0.0
0.0
0.0
0.0
7.267
0.0
0.0
0.0
0.0
0.0
0.0
0.0
0.0
0.0
0.0
0.0
0.0
8.796
9.749
0.0
6.138
0.0
6.923
0.0
0.0
0.0
0.0
0.0
0.0
0.0
0.0
0.0
0.0
0.0
0.0
0.0
0.0
0.0
0.0
0.0
0.0
0.0
9.179
0.0
0.0
0.0
0.0
0.0
21.074
10.537
0.0
0.0
10.537
0.0
0.0
0.0
0.0
0.0
0.0
0.0
0.0
0.0
0.0
0.0
11.954
0.0
0.0
0.0
0.0
0.0
5.436
5.436
0.0
0.0
22.099
7.366
14.733
22.099
15.142
7.571
0.0
0.0
0.0
7.571
0.0
0.0
0.0
0.0
0.0
0.0
0.0
0.0
0.0
0.0
1.671
1.671
0.0
0.0
0.0
0.0
0.0
0.0
0.0
0.0
0.0
0.0
0.0
13.599
0.0
0.0
0.0
0.0
0.0
0.0
0.0
0.0
0.0
0.0
0.0
0.0
0.0
0.0
0.0
0.0
0.0
0.0
0.0
0.0
0.0
0.0
0.0
0.0
2.814
0.0
0.0
0.0
0.0
0.0
0.0
3.88
0.0
0.0
3.88
0.0
0.0
0.0
0.0
0.0
0.0
0.0
0.0
0.0
0.0
0.0
0.0
0.0
0.0
0.0
0.0
0.0
0.0
0.0
0.0
0.0
0.0
0.0
5.131
0.0
0.0
0.0
0.0
0.0
11.872
0.0
0.0
0.0
0.0
2.521
0.0
0.0
5.042
0.0
0.0
0.0
0.0
0.0
0.0
0.0
0.0
0.0
0.0
0.0
0.0
11.606
23.212
0.0
8.54
0.0
8.54
0.0
0.0
2.512
0.0
2.512
2.512
0.0
2.042
0.0
2.042
2.042
0.0
0.0
0.0
0.0
0.0
0.0
0.0
0.0
0.0
4.847
0.0
3.716
1.858
0.0
0.0
0.0
0.0
0.0
4.89
4.89
4.798
4.798
4.798
0.0
9.597
0.0
0.0
5.287
10.575
5.287
0.0
3.169
0.0
0.0
6.338
6.338
0.0
0.0
0.0
0.0
0.0
5.046
15.137
0.0
2.523
5.046
0.0
0.0
0.0
0.0
14.785
0.0
0.0
0.0
0.0
0.0
0.0
0.0
8.288
16.576
0.0
0.0
0.0
5.675
5.675
0.0
0.0
0.0
17.499
17.499
0.0
8.707
0.0
0.0
17.415
0.0
5.758
0.0
0.0
0.0
8.637
23.769
0.0
0.0
7.923
7.923
0.0
0.0
20.29
10.145
0.0
0.0
0.0
0.0
0.0
0.0
0.0
0.0
27.429
0.0
0.0
0.0
0.0
20.367
0.0
0.0
0.0
19.958
0.0
0.0
29.937
0.0
0.0
0.0
0.0
0.0
0.0
0.0
8.137
6.442
6.531
0.0
0.0
0.0
0.0
0.0
0.0
0.0
0.0
0.0
0.0
7.552
0.0
0.0
0.0
0.0
0.0
0.0
0.0
0.0
0.0
0.0
0.0
0.0
0.0
0.0
0.0
0.0
5.753
0.0
0.0
0.0
0.0
0.0
0.0
0.0
0.0
0.0
0.0
0.0
0.0
0.0
0.0
0.0
0.0
0.0
10.961
0.0
5.676
9.35
7.956
0.0
0.0
0.0
0.0
6.525
0.0
0.0
0.0
0.0
0.0
0.0
0.0
0.0
0.0
0.0
0.0
0.0
0.0
0.0
0.0
0.0
0.0
0.0
0.0
0.0
0.0
0.0
0.0
0.0
0.0
0.0
0.0
0.0
0.0
47.064
0.0
0.0
0.0
0.0
0.0
0.0
0.0
5.138
0.0
0.0
0.0
0.0
8.698
0.0
0.0
0.0
0.0
0.0
0.0
0.0
0.0
12.718
6.359
0.0
0.0
0.0
24.84
8.28
0.0
0.0
0.0
5.134
5.134
0.0
0.0
0.0
0.0
5.875
0.0
0.0
4.132
4.132
8.264
0.0
7.772
7.772
0.0
0.0
0.0
0.0
0.0
0.0
0.0
0.0
10.914
0.0
0.0
0.0
0.0
6.632
0.0
0.0
0.0
0.0
0.0
0.0
4.005
0.0
0.0
0.0
8.842
0.0
0.0
0.0
0.0
0.0
0.0
0.0
0.0
0.0
0.0
0.0
0.0
0.0
0.0
0.0
0.0
0.0
0.0
0.0
5.33
0.0
0.0
0.0
0.0
0.0
0.0
0.0
0.0
0.0
0.0
0.0
0.0
0.0
0.0
0.0
0.0
0.0
0.0
0.0
0.0
0.0
0.0
0.0
0.0
0.0
9.681
9.681
0.0
0.0
4.193
0.0
4.193
0.0
0.0
0.0
0.0
0.0
0.0
0.0
0.0
0.0
4.27
4.27
0.0
0.0
0.0
0.0
0.0
0.0
0.0
0.0
0.0
8.379
0.0
0.0
0.0
0.0
0.0
0.0
15.76
0.0
0.0
0.0
0.0
2.992
2.992
8.977
8.977
0.0
0.0
0.0
9.224
0.0
0.0
0.0
1.54
0.0
0.0
3.898
0.0
0.0
3.898
1.949
5.076
2.538
0.0
2.538
0.0
4.107
4.107
8.213
0.0
0.0
4.107
8.494
4.247
0.0
0.0
0.0
2.087
0.0
4.173
4.173
0.0
0.0
0.0
1.28
0.0
1.28
0.0
0.0
0.0
1.86
5.581
3.744
1.872
5.616
0.0
0.0
7.168
0.0
0.0
0.0
0.0
14.007
0.0
0.0
4.669
0.0
7.332
3.666
3.666
0.0
0.0
0.0
0.0
6.692
0.0
6.692
0.0
0.0
6.67
6.67
0.0
3.549
3.549
3.549
0.0
0.0
2.122
8.655
0.0
1.061
3.183
1.061
11.971
7.981
15.961
0.0
3.99
12.494
3.123
0.0
9.37
3.123
0.0
0.0
0.0
0.0
11.568
0.0
0.0
0.0
0.0
0.0
0.0
0.0
0.0
0.0
0.0
0.0
4.447
0.0
0.0
0.0
0.0
0.0
0.0
12.41
7.387
0.0
0.0
0.0
0.0
0.0
0.0
3.673
0.0
0.0
0.0
0.0
0.0
0.0
0.0
0.0
0.0
0.0
0.0
0.0
0.0
0.0
0.0
5.228
0.0
0.0
0.0
0.0
0.0
0.0
0.0
0.0
0.0
20.568
0.0
0.0
0.0
0.0
0.0
0.0
0.0
0.0
0.0
0.0
0.0
0.0
0.0
0.0
0.0
0.0
0.0
0.0
0.0
0.0
0.0
0.0
0.0
0.0
0.0
0.0
0.0
0.0
0.0
0.0
0.0
18.415
0.0
0.0
0.0
0.0
0.0
0.0
0.0
0.0
0.0
0.0
0.0
0.0
0.0
0.0
22.963
0.0
0.0
0.0
0.0
0.0
0.0
0.0
0.0
0.0
6.469
19.406
0.0
3.469
0.0
0.0
0.0
0.0
2.689
0.0
0.0
0.0
0.0
0.0
0.0
0.0
0.0
0.0
0.0
0.0
0.0
0.0
0.0
0.0
0.0
0.0
4.997
0.0
0.0
8.015
8.015
0.0
0.0
0.0
0.0
0.0
0.0
0.0
0.0
0.0
0.0
0.0
0.0
0.0
0.0
0.0
0.0
4.553
0.0
0.0
0.0
12.424
0.0
0.0
0.0
0.0
0.0
0.0
7.852
0.0
0.0
0.0
10.856
0.0
0.0
8.666
4.333
0.0
0.0
0.0
0.0
3.303
6.606
0.0
0.0
0.0
0.0
0.0
0.0
0.0
0.0
0.0
0.0
0.0
0.0
0.0
0.0
3.682
7.363
0.0
0.0
0.0
0.0
0.0
0.0
0.0
0.0
0.0
0.0
0.0
0.0
0.0
0.0
0.0
0.0
0.0
0.0
2.311
0.0
0.0
0.0
0.0
2.85
0.0
2.85
0.0
0.0
0.0
0.0
0.0
9.161
0.0
0.0
0.0
0.0
0.0
0.0
0.0
0.0
5.524
5.524
0.0
0.0
11.463
11.463
0.0
4.559
0.0
0.0
0.0
4.559
0.0
0.0
0.0
0.0
23.925
0.0
0.0
0.0
0.0
0.0
0.0
0.0
0.0
30.369
0.0
0.0
0.0
7.592
0.0
0.0
0.0
0.0
0.0
0.0
5.183
0.0
0.0
0.0
0.0
0.0
0.0
2.554
0.0
0.0
9.527
14.291
0.0
0.0
14.291
0.0
0.0
12.055
0.0
0.0
0.0
0.0
2.099
0.0
0.0
12.509
0.0
12.509
0.0
0.0
0.0
0.0
3.542
0.0
3.542
4.558
0.0
4.558
9.116
0.0
0.0
0.0
2.048
4.095
2.048
0.0
0.0
0.0
0.0
0.0
9.006
4.503
6.755
0.0
0.0
2.506
2.506
2.506
5.012
5.012
0.0
0.0
0.0
5.258
10.515
3.113
0.0
6.225
0.0
0.0
11.198
11.198
0.0
16.796
0.0
0.0
14.655
0.0
0.0
0.0
43.965
16.953
16.953
0.0
16.953
0.0
0.0
9.566
0.0
0.0
0.0
0.0
0.0
0.0
0.0
0.0
0.0
0.0
0.0
0.0
0.0
0.0
0.0
0.0
22.663
0.0
0.0
19.365
0.0
19.365
19.365
0.0
0.0
0.0
0.0
0.0
0.0
0.0
0.0
0.0
0.0
39.33
0.0
0.0
0.0
0.0
0.0
0.0
0.0
0.0
0.0
0.0
0.0
0.0
0.0
0.0
0.0
0.0
0.0
0.0
0.0
0.0
0.0
0.0
0.0
0.0
0.0
0.0
0.0
0.0
0.0
0.0
0.0
0.0
0.0
0.0
0.0
0.0
0.0
0.0
0.0
0.0
94.259
0.0
0.0
0.0
0.0
0.0
0.0
0.0
0.0
0.0
0.0
0.0
0.0
9.911
9.911
0.0
0.0
0.0
0.0
0.0
0.0
0.0
24.652
0.0
0.0
24.652
0.0
0.0
0.0
0.0
0.0
20.813
0.0
0.0
0.0
0.0
0.0
0.0
10.022
0.0
0.0
0.0
0.0
0.0
0.0
0.0
0.0
0.0
0.0
0.0
0.0
0.0
0.0
0.0
20.252
0.0
0.0
0.0
0.0
0.0
29.279
0.0
0.0
0.0
0.0
0.0
0.0
0.0
0.0
0.0
9.041
9.041
0.0
0.0
0.0
0.0
0.0
0.0
2.66
0.0
0.0
2.66
0.0
0.0
6.968
0.0
0.0
0.0
0.0
0.0
0.0
0.0
0.0
0.0
0.0
0.0
0.0
0.0
0.0
0.0
0.0
0.0
0.0
0.0
0.0
5.11
0.0
3.428
0.0
3.428
0.0
0.0
0.0
0.0
0.0
0.0
7.655
3.328
1.664
0.0
0.0
0.0
0.0
0.0
0.0
0.0
0.0
0.0
0.0
0.0
0.0
0.0
0.0
0.0
0.0
0.0
0.0
0.0
0.0
0.0
0.0
0.0
0.0
0.0
0.0
0.0
0.0
0.0
0.0
1.657
0.0
3.314
3.314
2.839
0.0
0.0
0.0
0.0
2.839
0.0
0.0
0.0
0.0
0.0
0.0
5.517
0.0
0.0
0.0
9.201
9.201
0.0
0.0
0.0
0.0
10.367
0.0
20.733
0.0
0.0
0.0
5.58
0.0
0.0
0.0
1.76
1.76
0.0
0.0
0.0
0.0
6.55
2.448
2.448
0.0
0.0
0.0
0.0
15.367
7.684
15.367
0.0
33.725
13.49
13.49
0.0
6.745
0.0
10.406
0.0
0.0
31.217
0.0
0.0
14.691
0.0
4.897
9.794
5.15
0.0
0.0
0.0
0.0
0.0
0.0
0.0
12.982
0.0
9.219
18.437
0.0
0.0
0.0
0.0
1.314
0.0
0.0
0.0
0.0
0.0
4.729
4.729
0.0
5.499
0.0
8.248
0.0
2.749
4.402
0.0
2.201
2.201
6.603
10.145
0.0
0.0
0.0
0.0
0.0
0.0
6.604
6.604
0.0
0.0
0.0
0.0
16.193
0.0
0.0
5.19
10.38
0.0
5.19
0.0
0.0
6.375
3.187
0.0
12.75
0.0
34.877
17.439
8.719
34.877
0.0
20.63
0.0
0.0
6.877
0.0
0.0
0.0
24.448
0.0
0.0
0.0
0.0
0.0
27.697
0.0
0.0
0.0
0.0
0.0
0.0
0.0
0.0
0.0
0.0
0.0
0.0
0.0
0.0
0.0
0.0
0.0
0.0
0.0
41.771
10.775
0.0
0.0
0.0
0.0
0.0
0.0
0.0
0.0
0.0
0.0
0.0
0.0
0.0
0.0
0.0
0.0
0.0
0.0
0.0
0.0
0.0
0.0
0.0
0.0
4.97
0.0
0.0
0.0
0.0
0.0
0.0
0.0
0.0
0.0
0.0
0.0
0.0
0.0
0.0
7.022
0.0
0.0
4.443
0.0
0.0
0.0
0.0
0.0
0.0
0.0
0.0
0.0
0.0
0.0
0.0
0.0
0.0
0.0
0.0
0.0
0.0
0.0
0.0
0.0
0.0
0.0
0.0
0.0
0.0
0.0
0.0
0.0
0.0
0.0
0.0
0.0
0.0
0.0
14.657
0.0
14.657
0.0
0.0
0.0
0.0
0.0
0.0
24.956
0.0
0.0
0.0
0.0
0.0
0.0
0.0
0.0
0.0
0.0
0.0
0.0
9.437
17.798
0.0
0.0
0.0
0.0
0.0
0.0
0.0
17.938
0.0
0.0
0.0
0.0
0.0
0.0
0.0
0.0
17.675
0.0
0.0
0.0
6.273
0.0
0.0
0.0
0.0
0.0
0.0
0.0
0.0
0.0
0.0
0.0
2.117
0.0
0.0
0.0
0.0
0.0
0.0
0.0
0.0
0.0
0.0
0.0
0.0
0.0
0.0
0.0
0.0
0.0
0.0
0.0
0.0
0.0
0.0
0.0
0.0
0.0
0.0
0.0
0.0
0.0
0.0
0.0
0.0
0.0
0.0
0.0
0.0
0.0
0.0
0.0
0.0
0.0
1.323
1.323
0.0
0.0
0.0
0.0
0.0
0.0
0.0
0.0
0.0
0.0
0.0
0.0
3.202
0.0
0.0
0.0
0.0
0.0
0.0
0.0
0.0
0.0
0.0
0.0
0.0
0.0
0.0
0.0
0.0
0.0
0.0
0.0
0.0
0.0
0.0
0.0
0.0
0.0
0.0
0.0
0.0
0.0
0.0
0.0
0.0
0.0
0.0
0.0
0.0
0.0
0.0
11.328
0.0
0.0
0.0
12.384
0.0
0.0
0.0
24.767
4.659
0.0
0.0
0.0
0.0
7.851
7.851
7.851
31.405
0.0
0.0
19.335
29.003
11.049
0.0
10.763
0.0
0.0
16.144
0.0
9.054
27.162
9.054
0.0
27.162
9.054
0.0
10.33
0.0
0.0
0.0
3.644
0.0
0.0
1.822
1.822
0.0
0.0
0.0
0.0
8.499
0.0
3.767
0.0
0.0
0.0
0.0
0.0
0.0
0.0
0.0
0.0
0.0
6.603
0.0
0.0
0.0
0.0
9.79
0.0
0.0
16.457
0.0
0.0
0.0
0.0
0.0
15.944
0.0
0.0
7.972
0.0
0.0
0.0
0.0
0.0
21.6
32.399
21.6
0.0
0.0
0.0
0.0
0.0
20.652
0.0
0.0
0.0
0.0
8.369
0.0
16.737
0.0
7.624
0.0
15.247
15.247
18.616
18.616
0.0
0.0
6.205
0.0
0.0
0.0
16.784
0.0
0.0
0.0
0.0
0.0
0.0
0.0
0.0
0.0
0.0
0.0
0.0
0.0
0.0
0.0
0.0
0.0
0.0
0.0
0.0
0.0
0.0
0.0
0.0
0.0
0.0
0.0
0.0
0.0
0.0
0.0
0.0
0.0
11.129
11.129
0.0
0.0
0.0
0.0
0.0
0.0
0.0
0.0
0.0
0.0
0.0
0.0
0.0
0.0
0.0
0.0
0.0
0.0
0.0
0.0
0.0
0.0
0.0
0.0
0.0
0.0
0.0
0.0
0.0
0.0
0.0
0.0
0.0
0.0
0.0
0.0
31.375
0.0
0.0
0.0
0.0
0.0
0.0
0.0
0.0
0.0
0.0
0.0
20.862
0.0
20.862
0.0
0.0
0.0
0.0
0.0
0.0
31.824
0.0
0.0
0.0
0.0
0.0
0.0
0.0
0.0
0.0
0.0
0.0
15.543
0.0
0.0
0.0
0.0
0.0
0.0
19.666
0.0
0.0
0.0
0.0
6.979
6.979
0.0
0.0
0.0
9.427
0.0
0.0
0.0
10.586
0.0
10.586
0.0
10.268
0.0
10.268
0.0
20.536
0.0
8.594
0.0
0.0
0.0
0.0
0.0
13.664
0.0
0.0
0.0
0.0
0.0
0.0
7.3
0.0
0.0
10.139
0.0
0.0
0.0
26.609
0.0
0.0
0.0
9.634
28.902
9.634
0.0
9.634
0.0
2.716
2.716
0.0
5.432
0.0
0.0
0.0
0.0
4.66
0.0
0.0
0.0
4.061
4.061
0.0
2.776
0.0
0.0
0.0
0.0
0.0
0.0
0.0
0.0
0.0
0.0
0.0
0.0
0.0
0.0
0.0
0.0
0.0
0.0
0.0
0.0
0.0
2.486
0.0
0.0
0.0
0.0
0.0
0.0
0.0
0.0
0.0
0.0
0.0
2.097
5.534
5.534
5.534
0.0
0.0
0.0
0.0
0.0
0.0
0.0
11.63
4.881
0.0
0.0
0.0
0.0
0.0
0.0
0.0
1.551
0.0
0.0
5.495
10.991
0.0
0.0
0.0
0.0
0.0
0.0
0.0
0.0
0.0
0.0
0.0
0.0
4.931
0.0
0.0
0.0
0.0
0.0
4.87
0.0
5.453
0.0
0.0
0.0
10.905
0.0
6.739
0.0
0.0
0.0
0.0
0.0
0.0
0.0
8.978
10.453
0.0
0.0
0.0
0.0
0.0
0.0
0.0
0.0
3.315
6.63
0.0
0.0
7.379
14.757
0.0
0.0
0.0
18.478
12.319
0.0
0.0
0.0
7.093
17.733
3.547
7.847
0.0
15.695
0.0
15.695
8.544
0.0
0.0
0.0
17.088
0.0
0.0
0.0
0.0
0.0
6.633
0.0
0.0
26.533
6.633
0.0
15.226
0.0
7.613
0.0
3.288
0.0
0.0
3.288
3.288
26.026
8.675
8.675
0.0
0.0
9.87
0.0
0.0
0.0
9.87
0.0
0.0
0.0
0.0
23.512
0.0
0.0
0.0
7.26
0.0
7.26
4.394
0.0
4.394
0.0
8.789
9.483
23.707
0.0
4.741
0.0
27.639
13.819
0.0
0.0
0.0
0.0
0.0
23.427
11.714
0.0
61.337
0.0
0.0
0.0
0.0
12.077
12.077
0.0
12.077
0.0
0.0
0.0
0.0
0.0
0.0
0.0
0.0
0.0
0.0
0.0
0.0
0.0
0.0
0.0
0.0
0.0
27.057
0.0
0.0
0.0
0.0
0.0
0.0
0.0
0.0
0.0
7.382
0.0
0.0
0.0
0.0
0.0
0.0
0.0
0.0
0.0
0.0
0.0
0.0
0.0
0.0
0.0
0.0
0.0
0.0
0.0
0.0
0.0
0.0
0.0
32.228
0.0
0.0
0.0
0.0
0.0
0.0
0.0
0.0
0.0
0.0
0.0
0.0
0.0
0.0
0.0
0.0
10.563
0.0
0.0
0.0
0.0
0.0
0.0
0.0
0.0
0.0
0.0
0.0
0.0
0.0
0.0
22.048
0.0
0.0
11.024
0.0
0.0
0.0
0.0
0.0
0.0
11.782
11.782
0.0
0.0
0.0
0.0
10.242
0.0
0.0
0.0
4.691
0.0
9.382
4.691
0.0
3.294
0.0
0.0
0.0
0.0
0.0
10.652
5.326
5.326
0.0
0.0
6.007
0.0
0.0
0.0
6.007
0.0
0.0
0.0
0.0
0.0
0.0
0.0
2.958
5.915
2.958
5.573
0.0
5.573
0.0
0.0
0.0
10.548
10.548
0.0
21.096
0.0
0.0
0.0
0.0
0.0
0.0
1.656
0.0
0.0
0.0
0.0
13.249
0.0
6.625
0.0
0.0
0.0
0.0
0.0
0.0
0.0
0.0
0.0
0.0
0.0
1.594
0.0
1.594
0.0
0.0
0.0
0.0
0.0
0.0
0.0
0.0
0.0
0.0
0.0
0.0
0.0
0.0
0.0
0.0
0.0
0.0
0.0
0.0
0.0
0.0
0.0
0.0
0.0
0.0
0.0
0.0
0.0
0.0
0.0
0.0
8.322
0.0
0.0
0.0
0.0
0.0
0.0
0.0
0.0
0.0
0.0
0.0
0.0
4.55
0.0
0.0
0.0
0.0
0.0
4.875
0.0
0.0
0.0
0.0
0.0
0.0
10.823
0.0
0.0
0.0
14.336
0.0
11.349
0.0
0.0
0.0
0.0
0.0
2.827
0.0
0.0
0.0
0.0
0.0
3.379
0.0
0.0
0.0
0.0
0.0
2.429
2.429
2.429
0.0
0.0
0.0
0.0
3.974
15.895
0.0
0.0
0.0
0.0
0.0
9.132
0.0
0.0
0.0
0.0
0.0
0.0
3.496
10.489
3.496
0.0
6.993
0.0
0.0
0.0
0.0
0.0
0.0
0.0
0.0
0.0
9.602
0.0
0.0
0.0
0.0
2.699
0.0
0.0
0.0
0.0
0.0
0.0
0.0
7.672
7.672
7.672
8.666
0.0
25.999
0.0
8.666
44.948
0.0
26.969
0.0
0.0
0.0
19.991
0.0
0.0
0.0
0.0
0.0
4.576
0.0
9.153
0.0
0.0
0.0
0.0
0.0
0.0
0.0
3.049
3.049
0.0
0.0
18.562
0.0
0.0
18.562
0.0
0.0
0.0
6.158
0.0
6.158
0.0
5.196
10.392
10.392
0.0
13.231
0.0
0.0
0.0
0.0
0.0
0.0
5.551
0.0
5.551
0.0
0.0
0.0
0.0
0.0
0.0
0.0
20.832
0.0
0.0
0.0
0.0
0.0
0.0
0.0
0.0
0.0
0.0
0.0
0.0
0.0
0.0
0.0
0.0
0.0
0.0
0.0
0.0
0.0
0.0
0.0
0.0
0.0
0.0
0.0
0.0
0.0
0.0
0.0
0.0
0.0
0.0
0.0
0.0
0.0
0.0
0.092
0.389
1.014
1.845
4.039
51.047
0.0
0.0
0.0
0.0
0.0
0.0
0.0
0.0
0.0
0.0
0.0
0.0
0.0
0.0
0.0
13.989
0.0
13.989
0.0
0.0
25.546
0.0
25.546
0.0
0.0
0.0
0.0
20.279
0.0
0.0
0.0
0.0
0.0
0.0
0.0
0.0
11.694
0.0
0.0
0.0
31.454
0.0
0.0
0.0
0.0
0.0
0.0
24.973
0.0
0.0
5.246
5.246
0.0
0.0
5.246
6.884
0.0
0.0
6.884
0.0
0.0
8.073
2.691
8.073
0.0
0.0
8.817
0.0
13.225
0.0
0.0
7.103
2.368
0.0
0.0
2.368
11.778
0.0
0.0
0.0
0.0
0.0
0.0
0.0
0.0
6.59
0.0
3.22
6.441
6.441
3.22
0.0
0.0
0.0
4.773
0.0
3.747
7.494
0.0
0.0
0.0
0.0
5.964
0.0
0.0
0.0
0.0
0.0
0.0
0.0
0.0
0.0
0.0
0.0
0.0
0.0
0.0
0.0
8.015
0.0
0.0
0.001
0.149
1.669
0.0
0.0
0.0
0.0
0.0
0.0
0.0
0.0
0.0
0.0
0.0
0.0
0.0
0.0
3.146
0.0
0.0
0.0
0.0
0.0
0.0
0.0
0.0
4.35
0.0
0.0
0.0
4.35
0.0
0.0
0.0
0.0
0.0
0.0
0.0
0.0
0.0
0.0
0.0
0.0
12.707
0.0
0.0
0.0
6.398
0.0
0.0
3.199
0.0
0.0
0.0
0.0
0.0
0.0
0.0
0.0
4.259
12.777
0.0
3.006
3.006
0.0
6.011
3.006
1.881
1.881
0.0
12.817
0.0
0.0
0.0
0.0
8.035
0.0
0.0
0.0
0.0
0.0
0.0
0.0
0.0
20.059
0.0
13.398
0.0
0.0
0.0
10.506
5.253
0.0
5.253
0.0
0.0
2.872
0.0
0.0
0.0
0.0
0.0
0.0
7.334
0.0
7.334
0.0
7.358
3.679
0.0
0.0
5.753
0.0
11.506
5.753
2.877
0.0
0.0
0.0
3.045
0.0
0.089
1.624
0.176
15.461
0.0
3.895
3.895
0.0
0.0
3.895
6.892
0.0
0.0
6.892
0.0
0.0
16.815
0.0
16.815
8.407
17.238
0.0
25.858
8.619
8.619
5.82
0.0
0.0
0.0
11.64
0.0
0.0
0.0
14.587
4.862
0.0
25.12
0.0
16.746
16.746
0.0
0.0
0.0
0.0
10.026
0.0
15.628
46.885
0.0
0.0
0.0
0.897
1.131
2.784
11.783
7.787
0.0
0.0
0.0
0.0
0.0
0.0
17.79
17.79
17.79
17.79
0.0
0.0
0.0
0.0
0.0
0.0
0.0
0.0
0.0
0.0
0.0
0.0
0.0
0.0
0.0
12.639
0.0
0.0
0.0
12.639
0.0
0.0
7.74
30.962
7.74
0.0
0.0
0.0
0.0
0.0
0.0
0.0
0.0
0.0
0.0
0.0
0.0
0.0
0.0
0.0
0.0
0.0
0.0
0.0
0.0
0.0
0.0
0.0
0.0
0.0
0.0
0.0
0.0
0.0
0.0
0.0
0.0
0.0
0.0
0.0
0.0
0.0
0.0
0.0
0.0
15.16
15.16
8.238
0.0
0.0
0.0
0.0
0.0
0.0
0.0
0.0
20.653
0.0
0.0
0.0
8.838
0.0
0.0
9.656
0.0
0.0
0.0
0.0
0.0
0.0
0.0
0.0
0.0
17.764
0.0
0.0
0.0
8.166
8.166
8.166
8.166
0.0
0.0
10.367
0.0
0.0
10.367
0.0
0.0
0.0
0.0
0.0
0.0
0.0
13.688
0.0
0.0
0.0
0.0
0.0
0.0
0.0
0.0
15.191
30.382
0.0
0.0
0.0
0.0
4.045
0.0
0.0
0.0
5.482
0.0
0.0
0.0
10.964
0.151
1.934
2.423
5.861
0.9
0.0
0.0
0.0
0.0
0.0
29.81
0.0
0.0
0.0
0.0
0.0
0.0
0.0
5.108
0.0
3.381
13.523
0.0
0.0
3.381
0.0
0.0
0.0
0.0
0.0
0.0
0.0
0.0
0.0
0.0
0.0
0.0
0.0
0.0
0.0
0.0
0.0
0.0
0.0
0.0
0.0
0.0
0.0
0.0
0.0
0.0
0.0
0.0
0.0
0.0
0.0
0.0
0.0
0.0
0.0
0.0
0.0
0.0
4.303
4.303
0.0
0.0
0.0
0.0
0.0
0.0
0.0
0.0
0.0
0.0
0.0
0.0
0.0
0.0
0.0
0.0
0.0
0.0
0.0
0.0
0.0
0.0
0.0
0.0
0.0
0.0
0.0
0.0
0.0
0.0
0.0
0.0
0.0
0.0
1.832
3.665
0.0
0.0
0.0
0.0
0.0
3.3
0.0
2.008
2.008
0.0
0.0
0.0
11.542
0.0
3.847
4.886
4.886
0.0
4.886
0.0
8.007
0.0
0.0
8.007
0.0
0.0
0.0
0.0
0.0
0.0
0.0
0.0
0.0
17.406
0.0
0.0
0.0
0.0
5.333
0.0
0.0
5.631
0.0
0.0
5.631
0.0
0.0
0.0
0.0
0.0
0.0
9.33
9.33
0.0
4.665
0.0
3.043
3.043
0.0
6.085
0.0
0.0
7.887
0.0
0.0
0.0
29.722
0.0
0.0
0.0
7.431
0.0
0.0
29.256
0.0
0.0
0.0
5.022
5.022
10.045
15.067
10.941
0.0
0.0
0.0
21.881
0.0
0.0
0.0
13.815
6.908
8.181
3.309
8.232
5.848
9.357
0.0
10.272
30.815
0.0
20.543
10.272
15.789
4.831
6.092
14.138
0.0
0.0
0.0
0.0
11.508
34.525
11.269
7.361
19.429
5.429
3.415
0.0
0.0
29.84
0.0
0.0
20.143
0.0
0.0
0.0
0.0
0.0
0.0
0.0
0.0
0.0
0.0
0.0
0.0
30.121
0.0
0.0
0.0
0.0
0.0
0.0
0.0
0.0
0.0
0.0
0.0
0.054
0.418
0.293
0.298
0.815
0.0
0.0
0.0
0.0
0.0
0.0
0.0
0.0
0.0
0.0
0.0
5.264
0.0
0.0
0.0
0.0
0.0
0.0
0.0
0.0
0.0
0.0
0.0
0.0
0.0
5.511
0.0
0.0
0.0
0.0
0.0
0.0
0.0
0.0
0.0
0.0
0.0
5.466
0.0
0.0
0.0
0.0
0.0
0.0
0.0
0.0
0.0
0.0
0.0
0.0
0.0
0.0
0.0
0.0
24.384
0.0
24.384
5.193
2.939
0.077
16.488
1.142
0.0
0.0
0.0
0.0
0.0
0.0
0.0
0.0
0.0
0.0
0.0
0.0
0.0
0.0
0.0
9.633
0.0
0.0
9.633
38.533
7.633
0.0
7.633
0.0
0.0
0.0
0.0
0.0
0.0
6.126
0.0
0.0
0.0
0.0
8.82
2.537
5.066
3.074
1.159
0.308
1.846
0.0
3.582
3.582
0.0
0.0
0.0
0.0
10.625
0.0
0.0
0.0
0.0
0.0
0.0
0.0
8.34
0.0
0.0
0.0
8.34
0.0
0.0
0.0
0.0
7.141
0.0
0.0
0.0
0.0
0.0
0.0
0.0
0.0
0.0
0.0
0.0
1.023
0.0
0.0
0.0
0.0
2.441
1.221
1.221
2.441
2.951
1.475
0.0
0.0
0.0
3.645
0.0
1.822
3.645
0.0
0.0
0.0
0.0
0.0
0.0
0.0
