19830101
0.0
0.0
0.0
0.0
0.0
0.0
0.0
0.0
0.0
0.0
0.0
0.0
0.0
0.0
0.0
0.0
0.0
0.0
0.0
0.0
0.0
0.0
0.0
0.0
0.0
0.0
0.0
0.0
0.0
0.0
0.0
0.0
0.0
0.0
0.0
0.0
0.0
0.0
0.0
0.0
0.0
0.0
0.0
0.0
0.0
0.0
0.0
0.0
0.0
0.0
6.611
0.0
0.0
0.0
0.0
3.224
0.0
2.668
0.0
0.0
0.0
0.0
2.024
0.0
0.0
0.0
0.0
0.0
0.0
0.0
0.0
0.0
0.0
0.0
12.243
0.0
0.0
0.0
0.0
0.0
1.783
0.0
0.0
0.0
0.0
0.0
0.0
0.17
1.016
1.73
7.612
4.453
0.0
0.0
0.0
0.0
0.0
0.0
0.0
13.301
9.74
0.0
0.0
0.0
0.0
0.0
6.457
3.229
0.0
6.457
0.0
0.0
5.539
0.0
0.0
1.177
0.0
9.722
0.0
0.0
0.0
9.025
0.0
0.0
0.0
3.517
0.0
1.539
0.0
1.539
0.0
0.0
0.0
0.0
16.203
23.404
0.0
19.861
0.0
0.0
3.07
3.07
0.0
0.0
0.0
0.0
0.0
26.283
7.666
0.0
0.0
0.0
0.0
24.27
6.068
12.135
3.094
0.0
5.756
45.735
8.245
10.409
6.819
0.0
8.667
11.34
0.386
0.485
0.675
0.95
1.344
0.0
0.0
0.0
0.0
0.0
0.0
0.0
0.0
0.0
0.0
0.0
0.0
0.0
0.0
0.0
0.0
0.0
4.331
0.0
0.0
0.0
0.0
0.0
4.644
0.0
0.0
11.78
0.0
0.0
0.0
0.0
0.0
0.0
0.0
0.0
0.0
0.0
0.0
0.0
0.0
0.0
0.0
0.0
7.288
0.0
0.0
0.0
0.0
0.0
0.0
0.0
0.0
0.0
0.0
0.0
0.0
0.0
0.0
0.0
0.0
6.742
0.0
0.0
0.0
0.0
0.0
5.515
0.0
0.0
0.0
0.0
0.0
0.0
0.0
0.0
0.0
47.695
0.0
0.0
0.0
0.0
0.0
0.0
0.0
0.0
0.0
0.0
0.0
0.0
0.0
0.0
0.0
0.0
0.0
0.0
0.0
0.0
0.0
0.0
0.0
0.0
0.0
0.0
0.0
0.0
6.992
0.0
0.0
0.0
0.0
0.0
0.0
0.0
0.0
20.122
0.0
0.0
0.0
0.0
0.0
0.0
0.0
0.0
0.0
0.0
0.0
0.0
0.0
0.0
0.0
5.349
0.0
0.0
0.0
0.0
0.0
0.0
0.0
0.0
0.0
0.0
4.41
0.0
0.0
0.0
12.588
0.0
0.0
0.0
0.0
0.0
0.0
5.441
0.0
6.414
0.0
0.0
0.0
0.0
5.076
5.076
0.0
10.151
0.0
1.73
3.6
0.0
0.0
0.0
0.0
0.0
0.0
0.0
4.497
4.497
0.0
0.0
8.994
0.0
0.0
0.0
0.0
0.0
4.046
0.0
0.0
0.0
0.0
0.0
0.0
0.0
0.0
0.0
0.0
0.0
0.0
0.0
0.0
0.0
0.0
0.0
0.0
0.0
0.0
1.329
0.0
1.163
0.0
0.0
0.0
0.0
0.0
0.0
0.0
0.0
0.0
0.0
0.0
0.0
0.0
3.377
0.0
0.0
0.0
6.754
0.0
0.0
0.0
0.0
0.0
0.0
0.0
0.0
0.0
0.0
0.0
0.0
0.0
0.0
0.0
0.0
0.0
0.0
0.0
12.222
0.0
0.0
0.0
2.076
1.503
4.751
0.0
2.376
0.0
3.89
0.0
4.446
0.0
0.0
8.6
0.0
3.763
4.3
0.0
0.0
5.321
0.0
0.0
10.641
15.582
5.194
0.0
5.194
5.194
9.184
0.0
36.736
0.0
0.0
0.0
2.653
0.0
0.0
4.643
0.0
0.0
0.0
13.227
4.329
0.0
0.0
10.91
0.0
0.0
0.0
3.46
0.0
6.919
0.0
0.0
0.0
0.0
0.0
0.0
5.889
5.987
11.974
5.987
0.0
6.842
0.0
6.639
0.0
1.315
0.0
0.0
0.0
0.0
0.0
8.256
0.0
0.0
0.0
0.0
15.055
0.0
54.895
10.274
0.0
0.0
16.328
18.526
0.0
0.0
0.0
0.0
8.545
0.0
0.0
0.0
6.568
0.0
0.0
0.0
0.0
20.92
0.0
0.0
8.121
0.0
0.0
0.0
17.281
0.0
13.768
0.0
0.0
0.676
1.984
0.0
0.334
16.474
0.0
8.237
8.237
0.0
9.285
0.0
0.0
10.214
0.0
0.0
0.0
0.0
0.0
0.0
0.0
0.0
0.0
15.041
0.0
0.0
0.0
0.0
0.0
15.21
0.0
0.0
0.0
20.259
0.0
0.0
0.0
0.0
22.975
26.258
0.0
0.0
0.0
0.0
0.0
0.0
0.0
0.0
0.0
15.046
0.0
25.503
0.0
0.0
0.0
0.0
0.0
0.0
0.0
4.16
7.124
0.0
0.0
0.0
0.0
0.0
0.0
0.0
0.0
0.0
0.0
37.066
0.0
0.0
0.0
0.0
0.0
0.0
0.0
12.681
0.0
15.798
0.0
0.0
5.869
0.0
0.0
0.0
3.109
0.0
0.0
0.0
0.0
0.0
0.0
19.7
0.0
6.714
29.272
0.0
8.167
4.992
10.899
10.899
0.0
0.0
0.0
0.0
0.0
0.0
11.804
0.0
4.99
5.104
4.545
0.0
4.397
6.079
0.0
0.0
12.157
0.0
0.0
0.0
0.0
0.0
0.0
8.044
0.0
0.0
0.0
0.0
0.0
10.188
0.0
0.0
0.0
5.843
5.843
6.678
11.687
11.687
5.843
0.0
0.0
0.0
0.0
0.0
0.0
0.0
0.0
1.801
2.058
3.355
10.065
0.0
0.0
0.0
3.727
3.261
9.783
0.0
0.0
0.0
0.0
0.0
0.0
2.752
3.856
0.0
0.0
0.0
0.0
0.0
0.0
0.0
0.0
4.564
0.0
0.0
0.0
0.0
0.0
0.0
0.0
0.0
0.0
0.0
0.0
0.0
0.0
0.0
0.0
0.0
0.0
0.0
0.0
0.0
0.0
16.766
0.0
0.0
0.0
0.0
0.0
0.0
0.0
0.0
0.0
0.0
0.0
0.0
0.0
0.0
7.092
3.546
0.0
0.0
0.0
0.0
0.0
0.0
0.0
0.0
0.0
0.0
0.0
0.0
0.0
3.417
3.417
0.0
0.0
0.0
0.0
0.0
0.0
0.0
0.0
0.0
0.0
0.0
0.0
0.0
0.0
0.0
5.839
0.0
0.0
0.0
5.3
0.0
0.0
0.0
0.0
0.0
0.0
0.0
0.0
5.624
5.881
0.0
0.0
0.0
0.0
0.0
0.0
7.54
13.941
0.0
6.099
0.0
6.099
0.0
0.0
0.0
15.198
0.0
30.215
0.0
0.0
0.0
0.0
0.0
2.346
0.0
2.346
4.692
5.751
6.573
11.502
0.0
5.751
0.0
6.489
2.678
0.0
3.811
6.386
6.245
0.0
0.0
0.0
12.49
0.0
0.0
6.772
6.578
0.0
2.717
3.105
0.0
0.0
5.433
0.0
0.0
0.608
0.0
0.0
2.007
2.007
2.007
0.0
6.021
0.0
35.898
0.0
0.0
0.0
0.0
6.255
18.766
0.0
0.0
0.0
0.0
7.409
0.0
14.818
4.283
0.0
10.841
2.648
8.691
22.094
0.0
0.0
19.332
9.666
0.0
0.0
15.419
0.0
0.0
10.279
19.772
0.0
0.0
0.0
0.0
14.356
0.0
0.0
0.0
8.204
7.541
0.0
15.083
0.0
15.083
0.0
0.0
0.0
0.0
0.0
11.632
0.0
0.0
0.0
0.0
0.0
0.0
0.0
0.0
0.0
0.0
0.0
0.0
0.0
0.0
0.0
0.0
0.0
0.0
34.803
28.298
0.0
0.0
0.0
0.0
0.0
0.0
0.0
0.0
0.0
0.0
0.0
0.0
0.0
0.0
0.0
18.357
0.0
17.622
0.0
0.0
0.0
0.0
14.561
0.0
0.0
0.0
4.243
0.0
3.301
8.817
0.0
0.0
0.0
0.0
20.569
0.0
0.0
0.0
26.232
0.0
0.0
0.0
0.0
0.0
0.0
0.0
0.0
0.0
0.0
0.0
0.0
0.0
23.086
0.0
0.0
0.0
0.0
0.0
0.0
0.0
0.0
0.0
0.0
1.569
2.57
1.451
3.241
0.0
3.06
5.33
0.0
0.0
0.0
0.0
3.499
4.882
0.0
13.263
0.0
0.0
8.715
0.0
0.0
0.0
14.248
0.0
0.0
0.0
0.0
0.0
0.0
0.0
13.85
0.0
0.0
0.0
0.0
0.0
0.0
0.0
0.0
0.0
0.0
0.0
0.0
7.858
7.63
15.261
0.0
7.63
15.261
8.72
3.049
0.0
0.0
0.0
6.969
0.0
15.155
8.66
0.0
0.0
13.854
4.618
0.0
0.0
0.0
0.0
0.0
8.243
0.0
8.243
0.0
0.0
1.568
0.0
0.0
0.0
5.269
0.0
0.0
0.0
0.0
10.302
0.0
0.0
0.0
0.0
0.0
0.0
0.0
0.0
0.0
0.0
0.0
0.0
0.0
0.0
0.0
0.0
0.0
0.0
0.0
0.0
0.0
0.0
0.0
0.0
0.0
0.0
0.0
0.0
0.0
0.0
0.0
0.0
2.506
0.0
0.0
0.0
0.0
0.0
0.0
0.0
4.746
0.0
0.0
0.0
0.0
0.0
0.0
0.0
0.0
0.0
0.0
0.0
0.0
0.0
0.0
0.0
0.0
0.0
0.0
0.0
0.0
0.0
0.0
0.0
1.728
0.0
0.0
0.0
0.0
0.0
0.0
7.028
8.032
7.028
14.056
0.0
0.0
0.0
3.567
0.0
0.0
0.0
0.0
0.0
0.0
0.0
11.336
3.779
0.0
0.0
0.0
0.0
0.0
0.0
0.0
11.689
11.689
0.0
0.0
4.372
0.0
0.0
0.0
7.636
0.0
0.0
0.0
0.0
0.0
8.222
0.0
0.0
8.222
0.0
5.518
0.0
0.0
12.613
11.036
9.275
0.0
10.6
0.0
0.0
0.0
0.0
0.0
0.0
0.0
0.0
0.0
0.0
0.0
0.0
0.0
0.0
0.0
2.466
0.0
13.73
4.577
9.153
26.152
0.0
0.0
0.0
0.0
0.0
4.417
0.0
15.532
15.532
0.0
6.795
0.0
0.0
0.0
0.0
0.0
4.451
3.407
0.0
0.0
3.444
12.383
18.575
0.0
0.0
0.0
13.335
0.0
0.0
0.0
0.0
0.0
0.0
8.208
2.987
22.565
3.364
0.0
0.0
0.0
0.0
0.0
0.0
5.625
5.625
0.0
28.124
5.889
5.311
7.478
6.033
10.585
13.996
0.0
0.0
0.0
0.0
10.454
0.0
0.0
0.0
0.0
0.0
0.0
0.0
0.0
0.0
0.0
0.0
0.0
0.0
0.0
0.0
0.0
0.0
48.228
0.0
0.0
0.0
0.0
0.0
0.0
0.0
0.0
0.0
0.0
0.0
0.0
0.0
0.0
0.0
0.0
0.0
0.0
0.0
0.0
0.0
0.0
0.0
0.0
0.0
0.0
0.0
0.0
14.132
0.0
0.0
0.0
0.0
0.0
0.0
0.0
0.0
0.0
0.0
0.0
0.0
0.0
0.0
0.0
0.0
0.0
0.0
0.0
0.0
0.0
0.0
29.204
0.0
0.0
0.0
0.0
0.0
0.0
0.0
0.0
0.0
0.0
0.0
0.0
0.0
0.0
0.0
0.0
0.0
0.0
0.0
0.0
0.0
0.0
0.0
0.0
0.0
28.071
0.0
0.0
0.0
0.0
30.212
0.0
0.0
0.0
0.0
0.0
0.0
0.0
0.0
0.0
0.0
0.0
0.0
0.0
0.0
0.0
0.0
0.0
13.506
47.084
0.0
0.0
0.0
4.558
4.558
0.0
0.0
0.0
0.0
12.599
0.0
0.0
0.0
0.0
0.0
0.0
6.752
0.0
5.647
0.0
0.0
0.0
0.0
0.0
0.0
0.0
0.0
0.0
0.0
0.0
0.0
0.0
0.0
19.093
0.0
0.0
0.0
0.0
12.326
0.0
0.0
0.0
0.0
0.0
0.0
0.0
0.0
0.0
0.0
0.0
0.0
0.0
0.0
0.0
14.5
0.0
0.0
0.0
0.0
0.0
0.0
0.0
0.0
0.0
0.0
0.0
0.0
0.0
0.0
0.0
0.0
0.0
0.0
0.0
0.0
0.0
0.0
0.0
0.0
8.183
4.092
0.0
0.0
0.0
0.0
0.0
0.0
0.0
0.0
0.0
0.0
4.586
4.586
0.0
0.0
0.0
2.919
0.0
0.0
0.0
0.0
0.0
0.0
0.0
0.0
0.0
0.0
0.0
0.0
0.0
0.0
0.0
0.0
0.0
0.0
6.497
0.0
3.249
9.746
10.136
1.307
0.0
0.0
0.0
0.0
0.0
0.0
4.105
0.0
3.129
6.258
3.576
0.0
0.0
0.0
5.198
10.396
0.0
6.964
6.964
3.482
6.964
0.0
0.0
0.0
14.215
0.0
9.229
0.0
0.0
0.0
0.0
6.39
7.303
0.0
0.0
19.17
7.254
3.627
10.881
0.0
0.0
0.0
0.0
0.0
8.596
0.0
0.0
0.0
3.591
0.0
0.0
7.181
0.0
4.781
0.0
0.0
0.0
0.0
0.0
0.0
0.0
3.817
2.609
0.0
1.619
1.982
1.784
5.579
0.0
12.751
11.157
0.0
6.481
0.0
3.703
9.721
6.481
0.0
7.319
0.0
0.0
0.0
6.113
0.0
12.226
0.0
0.0
0.0
0.0
17.912
4.478
0.0
0.0
0.0
8.58
8.58
17.16
0.0
6.419
0.0
19.256
0.0
0.0
0.0
0.0
0.0
0.0
0.0
0.0
0.0
0.0
7.675
0.0
0.0
0.0
0.0
2.53
4.225
0.0
0.0
7.559
7.58
0.0
0.0
0.0
0.0
0.0
0.0
3.541
11.101
3.785
2.988
0.0
0.0
0.0
0.0
0.0
0.0
0.0
0.0
0.0
0.0
0.0
0.0
0.0
0.0
0.0
0.0
0.0
0.0
0.0
0.0
0.0
0.0
0.0
0.0
56.368
0.0
0.0
0.0
0.0
0.0
0.0
0.0
0.0
0.0
12.692
12.692
0.0
0.0
0.0
13.735
13.735
13.735
0.0
0.0
25.502
0.0
0.0
0.0
0.0
0.0
0.0
0.0
0.0
26.002
13.001
13.001
0.0
0.0
0.0
0.0
0.0
14.663
0.0
0.0
0.0
0.0
0.0
0.0
0.0
0.0
24.237
24.237
24.237
14.539
0.0
0.0
0.0
14.539
0.0
0.0
0.0
23.462
20.235
14.484
18.193
0.0
7.916
4.917
15.333
15.333
15.333
15.333
0.0
0.0
12.768
0.0
0.0
0.0
23.518
0.0
0.0
5.879
11.759
0.0
17.844
0.0
0.0
0.0
0.0
12.12
0.0
6.06
0.0
2.964
2.964
2.964
2.964
5.927
5.338
0.0
4.671
0.0
4.671
0.0
8.536
0.0
0.0
0.0
0.0
0.0
6.286
10.638
0.0
0.0
0.0
0.0
0.0
0.0
0.0
0.0
0.0
0.0
0.0
0.0
0.0
0.0
0.0
0.0
0.0
0.0
0.0
0.0
0.0
0.0
7.688
13.454
0.0
0.0
0.0
0.0
0.0
0.0
0.0
0.0
0.0
0.0
0.0
0.0
0.0
0.0
0.0
0.0
0.0
0.0
0.0
0.0
0.0
0.0
0.0
0.0
0.0
0.0
0.0
2.127
0.0
0.0
0.0
0.0
0.0
0.0
0.0
0.0
0.0
0.0
0.0
0.0
0.0
0.0
0.0
0.0
0.0
0.0
0.0
0.0
0.0
0.0
0.0
0.0
0.0
0.0
0.0
0.0
0.0
0.0
0.0
10.789
0.0
0.0
5.772
0.0
11.544
0.0
0.0
0.0
15.848
0.0
0.0
0.0
0.0
0.0
5.111
0.0
0.0
0.0
0.0
0.0
0.0
7.94
0.0
0.0
3.97
0.0
0.0
2.725
8.175
0.0
16.995
8.498
4.249
0.0
0.0
10.216
23.352
0.0
0.0
3.583
0.0
0.0
3.583
3.583
0.0
0.0
0.0
0.0
0.0
0.0
3.809
3.809
0.0
0.0
0.0
17.002
2.391
0.0
0.875
0.0
0.0
0.0
0.0
8.635
4.317
20.246
6.749
0.0
0.0
7.713
0.0
0.0
5.597
0.0
0.0
6.188
3.11
5.2
5.085
3.472
11.694
0.0
11.694
0.0
0.0
4.812
9.624
0.0
4.812
0.0
7.261
20.627
3.134
0.0
0.0
8.249
0.0
0.0
16.498
0.0
0.0
0.0
0.0
18.048
18.048
19.12
0.0
0.0
19.12
0.0
0.0
0.0
0.0
0.0
0.0
0.0
20.795
0.0
9.098
0.0
18.196
12.065
24.131
0.0
36.196
12.065
0.0
13.624
0.0
0.0
0.0
0.0
1.294
0.0
0.0
3.078
0.0
22.14
0.0
0.0
22.14
0.0
0.0
0.0
0.0
29.49
0.0
0.0
27.693
0.0
0.0
0.0
0.0
14.083
0.0
0.0
0.0
0.0
0.0
43.609
14.536
0.0
0.0
0.0
0.0
0.0
0.0
0.0
0.0
0.0
0.0
0.0
0.0
0.0
1.904
0.0
0.0
0.0
0.0
0.0
0.0
0.0
0.0
0.0
0.0
0.0
4.291
2.802
0.0
0.0
0.0
0.0
0.0
0.0
0.0
0.0
0.0
19.139
0.0
0.0
0.0
0.0
0.0
0.0
0.0
4.314
0.0
0.0
0.0
0.0
0.0
0.0
0.0
0.0
0.0
0.0
0.0
0.0
7.499
7.499
0.0
0.0
0.0
0.0
11.178
6.788
2.891
0.0
31.422
0.0
0.0
0.0
0.0
5.116
5.116
20.465
0.0
0.0
0.0
0.0
8.877
0.0
0.0
0.0
0.0
0.0
0.0
19.707
0.0
17.475
17.475
0.0
0.0
0.0
0.0
0.0
0.0
12.465
0.0
0.0
0.0
0.0
0.0
0.0
0.0
0.0
0.0
0.0
0.0
0.0
16.926
8.463
0.0
16.926
0.0
0.0
0.0
0.0
0.0
0.0
0.0
0.0
0.0
0.0
0.0
0.0
15.215
0.0
0.0
2.488
0.0
0.0
1.757
2.163
0.0
0.0
0.0
0.0
0.0
0.0
0.0
0.0
8.685
17.37
3.819
0.0
0.0
3.819
3.819
4.324
8.648
0.0
0.0
0.0
0.0
12.122
0.0
0.0
0.0
0.0
1.318
0.0
0.0
0.0
3.367
0.0
0.0
0.0
0.0
0.0
0.0
0.0
0.0
0.0
0.0
0.0
0.0
0.0
0.0
0.0
0.0
0.0
6.002
0.0
0.0
0.0
0.0
0.0
0.0
0.0
0.0
0.0
0.0
0.0
0.0
0.0
0.0
0.0
0.0
0.0
0.0
0.0
0.0
0.0
0.0
0.0
0.0
2.729
0.0
0.0
0.0
0.0
0.0
0.0
0.0
0.0
0.0
0.0
0.0
0.0
0.0
0.0
0.0
0.0
0.0
0.0
0.0
0.0
0.0
0.0
0.0
0.0
6.127
6.127
0.0
0.0
0.0
4.391
5.019
11.162
0.0
3.721
3.721
3.721
5.944
5.944
17.831
0.0
0.0
7.413
0.0
8.472
7.413
0.0
0.0
0.0
19.989
0.0
0.0
0.0
9.063
0.0
3.452
0.0
0.0
0.0
6.316
6.316
0.0
14.436
0.0
0.0
0.0
0.0
0.0
0.0
2.573
0.0
0.0
0.0
0.0
8.414
0.0
15.926
5.108
22.49
0.0
0.0
0.0
14.993
0.0
0.0
0.0
5.158
10.317
0.0
9.315
0.0
9.315
9.315
5.06
5.369
11.202
4.674
14.563
18.345
36.69
0.0
0.0
0.0
0.0
0.0
0.0
5.045
4.305
0.0
7.309
0.0
0.0
0.0
0.0
0.0
0.0
0.0
9.329
0.0
0.0
0.0
8.387
8.387
8.387
18.484
0.0
37.036
0.0
0.0
0.0
16.349
0.0
5.45
0.0
0.0
13.808
3.287
0.0
5.076
0.0
13.333
22.682
30.73
25.933
10.9
9.45
8.7
13.896
11.721
20.726
0.0
10.363
35.531
0.0
0.0
0.0
0.0
9.868
9.868
0.0
0.0
11.536
0.0
0.0
0.0
0.0
0.0
0.0
0.0
0.0
0.0
0.0
0.0
0.0
0.0
0.0
0.0
0.0
0.0
0.0
0.0
0.0
0.0
0.0
0.0
0.0
0.0
0.0
0.0
0.0
0.0
0.0
0.0
0.0
0.0
0.0
0.0
0.0
0.0
0.0
0.0
0.0
0.0
0.0
41.923
0.0
0.0
0.0
0.0
0.0
0.0
0.0
0.0
0.0
0.0
0.0
0.0
0.0
0.0
0.0
0.0
14.505
0.0
0.0
0.0
14.505
0.0
0.0
6.902
6.04
12.079
0.0
0.0
0.0
0.0
14.722
0.0
0.0
0.0
6.585
0.0
0.0
8.415
0.0
8.415
0.0
7.356
0.0
0.0
7.356
7.356
0.0
6.475
0.0
0.0
6.475
0.0
0.0
40.233
0.0
0.0
0.0
0.0
0.0
0.0
0.0
0.0
0.0
0.0
12.716
0.0
0.0
0.0
0.0
0.0
0.0
0.0
0.0
4.895
0.0
0.0
0.0
0.0
6.367
0.0
0.0
6.367
0.0
6.045
0.0
0.0
0.0
0.0
10.795
0.0
0.0
0.0
0.0
0.0
5.886
11.772
0.0
2.244
0.0
0.0
1.874
2.244
2.155
0.0
0.0
0.0
0.0
3.242
0.0
0.0
0.0
0.0
0.0
0.0
0.0
0.0
0.0
0.0
0.0
0.0
0.0
0.0
0.0
0.0
3.216
3.216
6.433
0.0
0.0
0.0
0.0
0.0
0.0
0.0
0.0
0.0
0.0
0.0
0.0
0.0
0.0
0.0
0.0
0.0
0.0
0.0
0.0
0.0
0.0
0.0
8.371
4.186
0.0
0.0
0.0
0.0
0.0
0.0
0.0
0.0
0.0
0.0
0.0
0.0
0.0
0.0
0.0
0.0
0.0
0.0
1.984
0.0
0.0
0.0
0.0
0.0
0.0
16.571
3.778
8.389
0.0
0.0
0.0
5.683
0.0
0.0
0.0
0.0
0.0
3.432
0.0
0.0
0.0
3.028
0.0
0.0
0.0
0.0
0.0
0.0
0.0
0.0
0.0
0.0
0.0
0.0
23.391
0.0
0.0
0.0
0.0
0.0
0.0
0.0
0.0
0.0
0.0
5.542
7.676
23.028
0.0
0.0
0.0
0.0
6.551
0.0
0.0
0.0
0.0
2.92
0.0
2.92
2.92
13.642
0.0
0.0
11.937
19.895
0.0
0.0
0.0
15.561
18.068
0.0
0.0
1.693
3.385
6.771
23.388
0.0
0.0
13.365
0.0
5.109
0.0
5.109
4.471
0.0
0.0
0.0
0.0
6.853
11.993
0.0
20.652
0.0
0.0
0.0
8.785
0.0
0.0
0.0
0.0
0.0
11.944
0.0
0.0
0.0
0.0
0.0
0.0
0.0
0.0
0.0
0.0
0.0
27.567
0.0
0.0
0.0
0.0
24.613
49.227
0.0
10.833
0.0
0.0
0.0
10.833
0.0
0.0
0.0
0.0
0.0
0.0
0.0
0.0
0.0
0.0
7.56
0.0
0.0
0.0
0.0
0.0
0.0
0.0
23.419
0.0
0.0
0.0
10.981
0.0
0.0
0.0
0.0
0.0
0.0
0.0
0.0
0.0
0.0
0.0
0.0
0.0
0.0
0.0
0.0
0.0
0.0
0.0
0.0
0.0
0.0
3.95
0.0
0.0
0.0
0.0
0.0
0.0
0.0
0.0
0.0
0.0
0.0
0.0
0.0
0.0
0.0
0.0
0.0
0.0
0.0
4.188
0.0
8.931
0.0
0.0
0.0
0.0
12.499
0.0
0.0
0.0
0.0
0.0
0.0
0.0
23.735
0.0
0.0
0.0
8.495
0.0
8.495
0.0
0.0
10.791
21.581
0.0
0.0
0.0
0.0
0.0
0.0
8.591
0.0
0.0
0.0
8.591
0.0
0.0
0.0
7.804
0.0
15.349
0.0
0.0
0.0
0.0
0.0
0.0
0.0
32.721
0.0
0.0
0.0
0.0
0.0
0.0
0.0
4.855
0.0
4.855
0.0
0.0
0.0
0.0
0.0
0.0
0.0
0.0
6.896
0.0
0.0
0.0
0.0
0.0
0.0
10.579
0.0
0.0
0.0
0.0
14.139
0.0
9.583
0.0
0.0
0.0
0.0
0.0
0.0
0.0
0.0
0.0
0.0
0.0
0.0
0.0
0.0
0.0
0.0
0.0
0.0
3.616
0.0
0.0
15.351
0.0
0.0
0.0
0.0
12.153
0.0
6.076
10.945
10.945
0.0
0.0
0.0
0.0
0.0
26.855
0.0
0.0
0.0
0.0
0.0
0.0
0.0
0.0
0.0
0.0
0.0
0.0
0.0
0.0
0.0
0.0
0.0
0.0
0.0
0.0
0.0
0.0
0.0
0.0
0.0
0.0
3.876
3.876
0.0
4.751
0.0
2.376
0.0
0.0
0.0
17.756
0.0
0.0
8.878
0.0
6.46
0.0
0.0
0.0
2.988
2.988
0.0
0.0
5.975
0.0
0.0
0.0
5.727
0.0
0.0
3.721
0.0
0.0
3.721
0.0
0.0
0.0
0.0
6.56
0.0
2.974
2.974
0.0
0.0
0.0
0.0
0.0
0.0
0.0
0.0
0.0
6.914
5.642
5.642
0.0
0.0
0.0
5.012
5.012
5.012
5.012
5.012
9.207
0.0
13.81
0.0
4.603
4.054
4.054
0.0
4.054
4.054
0.0
11.284
25.792
11.284
0.0
0.0
14.902
0.0
7.451
0.0
7.451
0.0
0.0
8.345
8.345
0.0
0.0
0.0
5.58
0.0
12.753
0.0
0.0
0.0
0.0
10.339
0.0
0.0
15.831
0.0
10.554
0.0
0.0
0.0
0.0
18.528
0.0
0.0
0.0
0.0
13.369
0.0
0.0
52.688
15.367
0.0
7.716
15.431
8.818
15.431
15.431
0.0
0.0
0.0
39.21
19.605
0.0
0.0
50.172
0.0
0.0
0.0
0.0
0.0
5.735
0.0
5.735
0.0
0.0
0.0
0.0
0.0
0.0
28.465
0.0
0.0
0.0
0.0
0.0
32.061
0.0
0.0
28.62
0.0
0.0
0.0
0.0
0.0
0.0
10.755
21.509
0.0
10.994
43.976
10.994
10.994
21.988
0.0
55.263
27.631
0.0
0.0
0.0
0.0
0.0
0.0
30.845
0.0
0.0
0.0
0.0
0.0
0.0
0.0
0.0
0.0
0.0
22.286
0.0
0.0
0.0
0.0
0.0
11.785
7.109
0.0
0.0
0.0
0.0
0.0
0.0
0.0
0.0
6.484
0.0
8.69
0.0
0.0
0.0
0.0
0.0
0.0
0.0
0.0
0.0
0.0
0.0
0.0
0.0
0.0
0.0
0.0
8.098
0.0
0.0
0.0
0.0
0.0
0.0
0.0
0.0
0.0
0.0
0.0
0.0
0.0
0.0
0.0
0.0
44.024
0.0
0.0
0.0
0.0
0.0
0.0
0.0
0.0
0.0
0.0
0.0
0.0
0.0
0.0
0.0
0.0
0.0
0.0
0.0
0.0
13.397
13.397
13.397
0.0
0.0
0.0
0.0
0.0
0.0
13.386
0.0
0.0
0.0
0.0
0.0
0.0
0.0
0.0
0.0
0.0
0.0
14.359
0.0
0.0
0.0
0.0
0.0
0.0
0.0
6.529
0.0
0.0
0.0
9.454
0.0
9.376
0.0
0.0
0.0
0.0
0.0
0.0
0.0
0.0
0.0
0.0
0.0
0.0
9.545
9.545
0.0
0.0
0.0
0.0
0.0
4.951
4.951
0.0
0.0
4.951
0.0
0.0
0.0
0.0
0.0
0.0
0.0
0.0
0.0
0.0
0.0
0.0
0.0
0.0
0.0
0.0
0.0
0.0
0.0
0.0
0.0
0.0
0.0
0.0
0.0
0.0
0.0
0.0
0.0
0.0
0.0
0.0
0.0
0.0
0.0
0.0
0.0
0.0
0.0
0.0
0.0
0.0
0.0
0.0
0.0
0.0
0.0
0.0
0.0
0.0
0.0
0.0
0.0
0.0
0.0
6.941
0.0
0.0
0.0
0.0
0.0
0.0
0.0
0.0
0.0
0.0
0.0
0.0
10.788
0.0
0.0
0.0
0.0
0.0
0.0
0.0
0.0
0.0
0.0
0.0
0.0
0.0
0.0
0.0
0.0
0.0
0.0
0.0
0.0
0.0
0.0
0.0
0.0
0.0
3.253
11.681
10.181
0.0
0.0
10.181
0.0
0.0
0.0
8.749
17.498
0.0
14.448
0.0
0.0
0.0
0.0
10.6
15.9
5.3
0.0
0.0
0.0
0.0
4.003
0.0
8.007
0.0
0.0
5.484
5.484
4.798
0.0
8.401
8.401
2.8
0.0
0.0
13.18
13.18
0.0
6.59
0.0
0.0
0.0
2.701
0.0
0.0
3.345
3.345
0.0
1.673
1.673
0.0
5.106
0.0
0.0
10.211
0.0
0.0
21.745
0.0
9.514
14.168
0.0
0.0
0.0
0.0
8.915
0.0
8.915
8.915
0.0
16.383
0.0
4.778
0.0
4.778
19.3
9.65
0.0
19.3
0.0
0.0
0.0
17.628
17.628
0.0
0.0
0.0
0.0
0.0
0.0
0.0
0.0
0.0
0.0
0.0
29.618
0.0
0.0
0.0
0.0
0.0
0.0
0.0
0.0
0.0
0.0
0.0
0.0
0.0
0.0
0.0
0.0
0.0
0.0
0.0
0.0
0.0
0.0
0.0
0.0
0.0
0.0
0.0
10.475
7.462
0.0
0.0
0.0
0.0
0.0
66.443
0.0
0.0
0.0
0.0
0.0
0.0
0.0
0.0
0.0
0.0
0.0
0.0
0.0
0.0
0.0
0.0
0.0
8.188
0.0
0.0
0.0
0.0
0.0
0.0
0.0
0.0
0.0
5.369
0.0
0.0
0.0
0.0
0.0
0.0
0.0
0.0
10.128
5.608
0.0
0.0
0.0
0.0
0.0
0.0
0.0
0.0
0.0
0.0
0.0
0.0
0.0
0.0
0.0
0.0
26.231
0.0
0.0
0.0
0.0
0.0
0.0
0.0
25.745
12.872
0.0
0.0
0.0
0.0
0.0
3.978
3.583
6.292
0.0
0.0
0.0
0.0
0.0
0.0
10.548
0.0
0.0
0.0
6.984
6.984
0.0
0.0
0.0
19.94
9.97
0.0
9.97
0.0
12.054
0.0
0.0
0.0
0.0
0.0
0.0
0.0
10.87
0.0
0.0
0.0
0.0
0.0
0.0
0.0
11.205
0.0
5.603
0.0
0.0
0.0
5.932
2.966
2.966
0.0
6.264
6.264
0.0
0.0
6.264
9.479
0.0
0.0
0.0
0.0
0.0
0.0
0.0
0.0
0.0
0.0
0.0
0.0
7.052
7.052
0.0
0.0
0.0
0.0
0.0
5.788
0.0
0.0
0.0
5.788
0.0
0.0
0.0
0.0
0.0
0.0
0.0
0.0
0.0
0.0
0.0
0.0
0.0
0.0
9.681
0.0
0.0
0.0
0.0
11.566
0.0
0.0
0.0
0.0
0.0
0.0
0.0
0.0
0.0
0.0
0.0
0.0
0.0
0.0
0.0
0.0
0.0
0.0
0.0
0.0
0.0
0.0
0.0
0.0
0.0
0.0
0.0
0.0
5.479
5.479
5.479
0.0
0.0
0.0
0.0
0.0
0.0
0.0
0.0
1.933
1.933
1.933
2.641
0.0
5.281
5.281
0.0
0.0
0.0
0.0
0.0
0.0
0.0
0.0
0.0
0.0
0.0
3.941
0.0
0.0
3.851
0.0
0.0
0.0
11.554
0.0
0.0
0.0
0.0
7.591
0.0
9.117
13.675
4.558
0.0
0.0
0.0
0.0
0.0
0.0
0.0
10.468
5.234
15.702
5.234
15.702
0.0
0.0
0.0
0.0
0.0
4.425
0.0
0.0
0.0
0.0
12.441
0.0
3.19
9.187
0.0
0.0
0.0
31.236
0.0
0.0
0.0
3.381
15.275
0.0
3.451
5.686
6.048
14.233
0.0
0.0
0.0
0.0
0.0
6.119
5.355
8.019
0.0
0.0
4.582
12.029
0.0
0.0
0.0
0.0
7.627
3.882
0.0
1.941
5.824
1.941
0.0
0.0
0.0
6.915
0.0
0.0
0.0
9.294
0.0
0.0
11.633
15.973
0.0
0.0
0.0
15.973
18.158
0.0
18.158
0.0
18.158
0.0
0.0
0.0
0.0
0.0
0.0
0.0
0.0
0.0
0.0
41.466
0.0
0.0
0.0
0.0
0.0
0.0
22.796
0.0
0.0
0.0
19.237
9.618
9.618
9.618
0.0
0.0
0.0
0.0
0.0
0.0
0.0
0.0
0.0
0.0
0.0
0.0
0.0
0.0
0.0
0.0
0.0
0.0
0.0
0.0
0.0
0.0
0.0
0.0
8.33
0.0
0.0
0.0
0.0
0.0
10.99
0.0
0.0
0.0
0.0
0.0
0.0
0.0
0.0
0.0
0.0
55.193
0.0
0.0
0.0
0.0
0.0
0.0
0.0
0.0
0.0
0.0
0.0
0.0
0.0
0.0
0.0
0.0
0.0
0.0
0.0
0.0
0.0
11.728
0.0
10.262
0.0
0.0
0.0
0.0
0.0
0.0
29.523
0.0
0.0
0.0
14.762
18.042
0.0
0.0
0.0
0.0
13.729
0.0
0.0
13.729
0.0
0.0
0.0
0.0
2.519
0.643
0.0
0.0
13.262
0.0
6.631
0.0
0.0
0.0
0.0
13.879
0.0
0.0
0.0
0.0
0.0
7.301
14.603
7.301
0.0
0.0
0.0
0.0
8.086
0.0
0.0
8.086
0.0
0.0
0.0
0.0
0.0
0.0
4.15
4.15
0.0
0.0
0.0
0.0
7.579
0.0
0.0
0.0
0.0
38.48
0.0
0.0
0.0
0.0
0.0
0.0
10.625
0.0
15.322
0.0
0.0
0.0
3.84
3.84
11.519
0.0
7.679
2.697
0.0
2.36
0.0
0.0
0.0
0.0
0.0
0.0
0.0
0.0
0.0
0.0
0.0
0.0
0.0
3.657
0.0
0.0
0.0
0.0
0.0
0.0
0.0
0.0
2.949
0.0
0.0
0.0
0.0
0.0
0.0
0.0
2.789
0.0
2.789
0.0
0.0
0.0
0.0
0.0
0.0
0.0
0.0
0.0
9.875
0.0
0.0
0.0
0.0
0.0
0.0
0.0
0.0
0.0
0.0
0.0
0.0
0.0
0.0
0.0
0.0
0.0
0.0
0.0
0.0
3.819
0.0
0.0
0.0
0.0
0.0
0.0
0.0
0.0
0.0
0.0
5.72
0.0
5.72
5.72
0.0
0.0
0.0
6.405
27.565
0.0
0.0
0.0
0.0
0.0
0.0
0.0
0.0
8.078
29.079
0.0
0.0
7.27
0.0
0.0
0.0
0.0
4.212
3.685
13.69
0.0
0.0
0.0
0.0
0.0
3.211
0.0
0.0
0.0
0.0
4.431
4.431
4.431
4.431
4.431
0.0
3.091
6.181
0.0
0.0
0.0
0.0
0.0
4.599
0.0
0.0
0.702
0.0
0.0
0.0
0.0
6.523
0.0
0.0
8.5
0.0
3.25
0.0
6.5
0.0
0.0
19.461
8.514
0.0
0.0
0.0
0.0
0.0
13.548
0.0
5.905
11.81
0.0
17.715
0.0
6.531
0.0
0.0
0.0
6.531
0.0
30.331
0.0
0.0
0.0
6.582
26.327
0.0
13.163
0.0
0.0
19.033
0.0
0.0
0.0
6.344
0.0
13.343
26.686
26.686
0.0
19.594
0.0
0.0
0.0
0.0
0.0
0.0
0.0
0.0
0.0
0.0
0.0
0.0
0.0
0.0
0.0
29.508
0.0
0.0
0.0
0.0
0.0
0.0
0.0
0.0
0.0
0.0
0.0
33.026
0.0
0.0
0.0
0.0
0.0
0.0
0.0
0.0
0.0
0.0
0.0
0.0
0.0
0.0
0.0
0.0
0.0
0.0
0.0
0.0
0.0
0.0
0.0
0.0
0.0
0.0
0.0
0.0
0.0
0.0
0.0
0.0
0.0
0.0
0.0
0.0
0.0
0.0
0.0
0.0
31.696
0.0
0.0
0.0
0.0
0.0
0.0
0.0
0.0
0.0
0.0
0.0
0.0
0.0
0.0
0.0
0.0
0.0
0.0
0.0
0.0
0.0
0.0
0.0
0.0
0.0
0.0
0.0
0.0
0.0
0.0
0.0
17.998
0.0
0.0
24.947
0.0
0.0
0.0
0.0
0.0
14.33
14.33
6.881
0.0
6.881
0.0
0.0
0.0
0.0
0.0
13.028
0.0
0.0
24.198
0.0
12.099
0.0
18.985
0.0
0.0
0.0
0.0
0.0
0.0
0.0
0.0
0.0
0.0
8.563
0.0
8.563
0.0
0.0
0.0
0.0
0.0
4.619
13.858
7.848
0.0
0.0
0.0
0.0
0.0
0.0
0.0
5.847
0.0
0.0
0.0
0.0
0.0
0.0
0.0
0.0
4.372
4.372
0.0
0.0
0.0
0.0
0.0
0.0
0.0
0.0
0.0
0.0
5.869
0.0
0.0
0.0
0.0
0.0
0.0
0.0
0.0
0.0
0.0
0.0
0.0
0.0
0.0
0.0
0.0
0.0
0.0
0.0
0.0
0.0
0.0
0.0
0.0
0.0
0.0
0.0
2.422
0.0
0.0
0.0
0.0
0.0
0.0
0.0
2.695
0.0
0.0
0.0
0.0
0.0
0.0
0.0
0.0
0.0
0.0
0.0
0.0
0.0
0.0
0.0
0.0
0.0
0.0
0.0
0.0
0.0
0.0
0.0
0.0
0.0
0.0
0.0
0.0
0.0
0.0
0.0
0.0
0.0
0.0
0.0
0.0
0.0
0.0
0.0
0.0
0.0
13.089
0.0
0.0
0.0
0.0
0.0
0.0
8.968
0.0
0.0
10.335
5.906
5.168
12.044
24.087
12.044
12.044
0.0
15.787
0.0
0.0
0.0
18.042
0.0
3.393
19.391
3.393
0.0
10.662
0.0
5.331
0.0
0.0
0.0
0.0
11.669
3.89
0.0
0.0
0.0
0.0
0.0
0.0
3.112
1.988
3.976
3.976
0.0
3.976
0.0
5.07
2.535
2.535
2.535
10.88
7.253
0.0
0.0
3.627
24.005
0.0
8.002
7.001
0.0
0.0
7.536
0.0
7.536
15.072
17.378
17.378
0.0
0.0
0.0
0.0
0.0
0.0
9.789
0.0
0.0
0.0
0.0
18.2
0.0
0.0
0.0
7.368
0.0
0.0
0.0
14.562
7.281
16.642
0.0
8.289
0.0
8.289
4.144
8.289
0.0
0.0
7.435
7.435
7.435
7.435
9.019
45.096
27.058
18.038
9.019
0.0
18.34
32.094
0.0
0.0
0.0
11.847
0.0
23.693
23.693
0.0
0.0
0.0
19.719
0.0
0.0
0.0
0.0
0.0
0.0
26.95
0.0
53.9
61.6
0.0
0.0
0.0
0.0
0.0
0.0
0.0
0.0
0.0
0.0
0.0
0.0
0.0
0.0
0.0
0.0
0.0
0.0
0.0
0.0
0.0
0.0
0.0
0.0
0.0
0.0
0.0
0.0
0.0
0.0
0.0
0.0
0.0
0.0
0.0
0.0
0.0
0.0
0.0
0.0
5.838
6.108
0.0
37.264
0.0
0.0
0.0
0.0
0.0
0.0
0.0
0.0
0.0
0.0
0.0
0.0
0.0
0.0
0.0
0.0
0.0
0.0
0.0
0.0
0.0
0.0
0.0
0.0
0.0
25.139
12.57
0.0
0.0
0.0
0.0
0.0
0.0
0.0
0.0
0.0
0.0
0.0
0.0
12.488
12.488
0.0
0.0
0.0
0.0
0.0
0.0
0.0
0.0
0.0
17.46
0.0
0.0
0.0
0.0
0.0
0.0
0.0
0.0
0.0
0.0
0.0
0.0
0.0
0.0
0.0
10.93
10.93
0.0
0.0
0.0
0.0
18.159
9.08
0.0
13.515
6.757
0.0
6.757
0.0
0.0
0.0
10.986
0.0
0.0
0.0
0.0
0.0
0.0
0.0
0.0
0.0
6.828
0.0
0.0
0.0
0.0
0.0
0.0
0.0
0.0
0.0
0.0
0.0
0.0
0.0
0.0
2.555
0.0
0.0
0.0
5.026
0.0
0.0
2.513
2.389
2.389
0.0
0.0
0.0
0.0
0.0
0.0
0.0
0.0
3.788
7.577
3.788
0.0
0.0
0.0
0.0
0.0
3.428
0.0
0.0
0.0
0.0
0.0
0.0
0.0
0.0
0.0
0.0
0.0
0.0
0.0
0.0
0.0
0.0
0.0
0.0
0.0
0.0
0.0
0.0
2.792
8.377
0.0
0.0
0.0
0.0
7.684
0.0
0.0
0.0
0.0
0.0
0.0
0.0
0.0
0.0
0.0
0.0
8.363
8.363
8.363
11.812
0.0
5.906
5.906
0.0
20.239
0.0
0.0
0.0
0.0
0.0
7.251
0.0
0.0
0.0
0.0
0.0
0.0
0.0
8.007
0.0
8.007
8.007
0.0
0.0
0.0
0.0
0.0
0.0
9.47
0.0
9.47
0.0
0.0
0.0
0.0
0.0
0.0
6.286
3.999
11.998
0.0
3.999
0.0
0.0
0.0
4.106
8.212
4.106
0.0
0.0
0.0
0.0
10.262
0.0
11.476
0.0
0.0
0.0
11.476
5.742
5.742
0.0
5.742
5.742
0.0
10.594
0.0
4.635
0.0
0.0
5.722
0.0
0.0
0.0
0.0
4.894
4.894
0.0
4.894
0.0
0.0
6.908
12.178
11.309
7.858
0.0
7.858
0.0
23.575
0.0
0.0
0.0
12.412
28.37
0.0
0.0
0.0
0.0
8.94
11.07
9.686
19.372
19.372
0.0
0.0
18.414
0.0
16.112
21.483
16.112
0.0
19.697
29.546
29.546
0.0
0.0
9.824
0.0
0.0
0.0
0.0
0.0
0.0
13.368
0.0
18.496
0.0
0.0
0.0
0.0
0.0
0.0
15.989
0.0
0.0
0.0
55.131
0.0
0.0
0.0
11.414
11.414
34.242
0.0
0.0
15.451
0.0
0.0
0.0
0.0
16.487
0.0
49.46
0.0
0.0
0.0
0.0
0.0
0.0
0.0
0.0
0.0
0.0
0.0
0.0
0.0
0.0
0.0
0.0
0.0
0.0
0.0
0.0
0.0
0.0
0.0
0.0
0.0
0.0
0.0
0.0
0.0
59.715
0.0
0.0
0.0
0.0
0.0
0.0
0.0
0.0
0.0
0.0
0.0
0.0
0.0
0.0
0.0
0.0
0.0
0.0
0.0
0.0
0.0
0.0
0.0
0.0
0.0
0.0
5.925
0.0
0.0
0.0
0.0
0.0
0.0
0.0
0.0
0.0
0.0
0.0
0.0
0.0
5.174
0.0
0.0
0.0
10.232
0.0
0.0
0.0
0.0
0.0
0.0
0.0
0.0
0.0
0.0
0.0
0.0
0.0
0.0
0.0
8.199
0.0
0.0
8.199
6.272
12.544
0.0
0.0
0.0
6.955
6.955
0.0
0.0
0.0
7.854
7.854
0.0
7.854
0.0
0.0
0.0
0.0
0.0
0.0
0.0
0.0
0.0
0.0
0.0
0.0
0.0
0.0
0.0
6.725
0.0
0.0
0.0
0.0
0.0
0.0
0.0
0.0
0.0
0.0
0.0
0.0
0.0
0.0
21.922
0.0
5.593
0.0
0.0
0.0
0.0
0.0
0.0
0.0
0.0
0.0
0.0
0.0
0.0
0.0
0.0
0.0
0.0
0.0
0.0
0.0
0.0
0.0
0.0
0.0
0.0
0.0
0.0
0.0
13.056
0.0
0.0
0.0
0.0
0.0
0.0
0.0
5.504
0.0
0.0
0.0
0.0
0.0
0.0
0.0
0.0
0.0
0.0
0.0
0.0
0.0
0.0
0.0
0.0
0.0
0.0
0.0
0.0
0.0
0.0
0.0
0.0
3.478
0.0
0.0
0.0
0.0
0.0
0.0
0.0
0.0
0.0
0.0
0.0
0.0
0.0
0.0
0.0
0.0
0.0
0.0
0.0
0.0
0.0
0.0
0.0
0.0
0.0
0.0
10.939
5.47
0.0
18.603
0.0
0.0
0.0
0.0
0.0
0.0
0.0
0.0
0.0
8.768
0.0
8.768
0.0
0.0
0.0
2.453
4.906
4.906
0.0
0.0
27.74
8.091
0.0
25.308
0.0
0.0
0.0
8.436
14.763
0.0
0.0
10.237
15.356
0.0
0.0
0.0
0.0
0.0
0.0
8.619
34.476
8.619
0.0
19.701
7.626
0.0
0.0
0.0
0.0
0.0
0.0
0.0
8.314
0.0
0.0
23.896
11.948
0.0
11.948
4.778
14.335
9.557
0.0
0.0
0.0
0.0
0.0
23.725
0.0
0.0
5.955
0.0
0.0
0.0
0.0
6.308
18.925
0.0
6.308
0.0
18.852
6.284
6.284
0.0
0.0
12.604
6.302
12.604
6.302
6.302
0.0
0.0
24.181
16.12
0.0
0.0
0.0
0.0
8.603
0.0
39.052
52.069
0.0
13.017
13.017
35.193
0.0
0.0
23.462
0.0
0.0
0.0
15.491
0.0
0.0
0.0
0.0
15.552
0.0
0.0
0.0
0.0
0.0
0.0
0.0
0.0
0.0
0.0
0.0
9.259
0.0
6.924
0.0
0.0
0.0
0.0
0.0
0.0
0.0
0.0
0.0
0.0
0.0
0.0
0.0
0.0
0.0
0.0
8.486
8.989
6.601
0.0
0.0
0.0
0.0
0.0
0.0
0.0
0.0
0.0
0.0
5.186
0.0
0.0
0.0
0.0
0.0
0.0
0.0
5.607
0.0
0.0
0.0
6.163
0.0
0.0
0.0
0.0
0.0
8.03
0.0
0.0
0.0
0.0
0.0
0.0
0.0
0.0
0.0
0.0
0.0
0.0
9.452
0.0
9.452
0.0
0.0
0.0
30.688
0.0
0.0
0.0
0.0
0.0
0.0
12.751
6.375
0.0
6.05
6.05
0.0
6.05
0.0
0.0
0.0
12.838
12.838
6.311
0.0
0.0
0.0
6.311
11.074
0.0
0.0
11.074
0.0
0.0
0.0
7.126
14.252
0.0
0.0
3.904
11.712
0.0
0.0
0.0
11.626
0.0
0.0
0.0
0.0
8.898
0.0
0.0
0.0
0.0
0.0
8.94
0.0
0.0
0.0
0.0
13.823
6.911
0.0
0.0
0.0
0.0
12.436
0.0
0.0
0.0
0.0
0.0
0.0
0.0
7.591
22.773
0.0
7.591
0.0
0.0
0.0
0.0
0.0
0.0
0.0
0.0
3.566
3.566
10.698
0.0
7.206
7.206
0.0
0.0
0.0
0.0
0.0
0.0
0.0
0.0
0.0
0.0
0.0
0.0
0.0
0.0
0.0
0.0
0.0
0.0
0.0
0.0
0.0
0.0
11.442
0.0
0.0
0.0
0.0
0.0
0.0
0.0
0.0
0.0
0.0
0.0
0.0
0.0
0.0
0.0
0.0
0.0
0.0
0.0
0.0
0.0
0.0
0.0
0.0
0.0
0.0
0.0
0.0
0.0
0.0
0.0
0.0
0.0
0.0
0.0
0.0
10.882
10.882
0.0
0.0
0.0
0.0
0.0
0.0
0.0
0.0
0.0
0.0
0.0
0.0
0.0
0.0
0.0
0.0
0.0
0.0
5.33
0.0
0.0
0.0
0.0
0.0
0.0
0.0
0.0
0.0
0.0
6.065
6.065
2.091
0.0
0.0
4.182
4.182
0.0
0.0
0.0
0.0
0.0
2.727
0.0
2.727
0.0
0.0
0.0
0.0
0.0
6.549
0.0
0.0
3.085
0.0
0.0
0.0
6.17
0.0
0.0
0.0
2.094
0.0
0.0
0.0
0.0
8.652
0.0
0.0
8.544
4.272
0.0
0.0
0.0
0.0
6.671
0.0
3.812
0.0
0.0
0.0
12.147
0.0
34.915
17.649
0.0
0.0
0.0
0.0
0.0
0.0
0.0
0.0
0.0
0.0
0.0
16.98
33.961
10.851
0.0
18.989
0.0
0.0
0.0
5.689
17.067
0.0
0.0
0.0
0.0
13.539
7.091
8.719
15.21
0.0
0.0
0.0
0.0
0.0
0.0
0.0
0.0
13.321
0.0
0.0
0.0
12.547
0.0
0.0
16.016
0.0
0.0
0.0
0.0
0.0
16.855
0.0
0.0
0.0
0.0
0.0
0.0
0.0
0.0
0.0
0.0
0.0
0.0
0.0
0.0
29.406
0.0
0.0
0.0
0.0
0.0
0.0
0.0
0.0
0.0
0.0
0.0
0.0
0.0
0.0
0.0
0.0
0.0
0.0
0.0
0.0
0.0
5.589
0.0
0.0
0.0
0.0
0.0
0.0
7.514
0.0
0.0
5.037
0.0
0.0
0.0
0.0
5.118
0.0
0.0
0.0
0.0
0.0
0.0
0.0
0.0
0.0
0.0
0.0
0.0
0.0
0.0
0.0
0.0
0.0
0.0
0.0
0.0
0.0
0.0
0.0
23.356
0.0
0.0
11.678
0.0
0.0
0.0
0.0
0.0
0.0
17.758
0.0
0.0
17.758
0.0
12.643
0.0
0.0
0.0
0.0
0.0
0.0
0.0
0.0
22.497
0.0
0.0
0.0
0.0
0.0
0.0
16.052
0.0
0.0
0.0
0.0
0.0
6.77
13.54
0.0
0.0
0.0
7.824
0.0
0.0
0.0
0.0
0.0
0.0
0.0
0.0
0.0
0.0
2.447
0.0
2.447
0.0
7.221
0.0
0.0
0.0
0.0
0.0
0.0
0.0
7.259
2.992
0.0
0.0
2.992
5.984
2.759
0.0
2.759
0.0
0.0
10.679
0.0
0.0
0.0
0.0
0.0
0.0
0.0
0.0
0.0
0.0
0.0
3.203
3.203
0.0
0.0
6.278
0.0
0.0
0.0
0.0
0.0
0.0
0.0
0.0
0.0
0.0
0.0
0.0
0.0
0.0
0.0
0.0
0.0
0.0
0.0
0.0
0.0
0.0
0.0
7.887
0.0
0.0
0.0
0.0
0.0
0.0
0.0
0.0
0.0
0.0
0.0
0.0
0.0
0.0
5.895
0.0
0.0
0.0
0.0
0.0
0.0
0.0
0.0
0.0
0.0
11.887
5.089
0.0
0.0
10.178
0.0
0.0
0.0
0.0
0.0
0.0
0.0
0.0
0.0
0.0
12.104
25.21
7.353
0.0
7.353
0.0
0.0
0.0
0.0
0.0
0.0
0.0
0.0
12.503
0.0
0.0
0.0
0.0
14.621
0.0
0.0
0.0
0.0
10.45
12.245
6.122
18.367
0.0
0.0
0.0
0.0
13.293
0.0
0.0
0.0
0.0
0.0
0.0
0.0
0.0
0.0
0.0
0.0
0.0
0.0
0.0
11.563
0.0
0.0
15.177
0.0
9.288
0.0
0.0
0.0
0.0
0.0
0.0
0.0
7.725
5.593
6.392
0.0
0.0
0.0
2.384
2.384
2.384
2.384
0.0
3.105
3.105
6.209
0.0
0.0
0.0
0.0
0.0
0.0
0.0
0.0
0.0
0.0
4.467
17.867
4.497
4.497
4.497
4.497
4.497
0.0
0.0
0.0
8.149
16.298
0.0
0.0
0.0
0.0
8.238
0.0
12.935
0.0
7.391
0.0
0.0
0.0
9.036
0.0
34.629
0.0
0.0
0.0
0.0
21.231
0.0
7.592
0.0
0.0
0.0
22.776
0.0
10.911
9.547
19.094
9.547
0.0
0.0
8.887
35.549
0.0
0.0
0.0
0.0
17.367
17.367
0.0
13.809
0.0
0.0
27.618
0.0
30.208
0.0
0.0
0.0
0.0
0.0
0.0
0.0
0.0
16.215
16.215
0.0
0.0
0.0
0.0
17.464
0.0
0.0
0.0
0.0
0.0
0.0
0.0
0.0
0.0
0.0
0.0
0.0
0.0
0.0
0.0
0.0
0.0
0.0
0.0
0.0
0.0
0.0
0.0
0.0
0.0
0.0
0.0
0.0
0.0
0.0
0.0
0.0
0.0
0.0
78.203
0.0
0.0
0.0
0.0
0.0
0.0
0.0
0.0
0.0
0.0
20.415
0.0
0.0
0.0
0.0
0.0
0.0
0.0
0.0
0.0
0.0
26.285
0.0
0.0
13.142
37.241
0.0
0.0
0.0
0.0
0.0
0.0
0.0
0.0
0.0
0.0
8.484
0.0
0.0
8.484
0.0
0.0
0.0
18.11
0.0
0.0
0.0
0.0
8.754
0.0
0.0
0.0
0.0
0.0
0.0
0.0
0.0
0.0
0.0
0.0
0.0
0.0
17.41
0.0
0.0
8.705
0.0
0.0
0.0
0.0
0.0
0.0
5.486
0.0
5.486
0.0
0.0
4.096
4.096
0.0
0.0
0.0
0.0
10.253
0.0
0.0
4.767
9.535
0.0
4.767
0.0
0.0
5.065
0.0
0.0
5.065
0.0
0.0
0.0
0.0
0.0
0.0
0.0
0.0
0.0
0.0
0.0
0.0
0.0
0.0
0.0
0.0
0.0
0.0
5.186
0.0
0.0
0.0
0.0
5.458
0.0
0.0
0.0
0.0
0.0
6.18
0.0
1.178
4.713
0.0
0.0
0.0
0.0
0.0
2.91
0.0
0.0
0.0
0.0
0.0
2.319
0.0
0.0
0.0
0.0
0.0
0.0
0.0
0.0
0.0
0.0
0.0
6.569
0.0
0.0
0.0
0.0
0.0
0.0
0.0
0.0
0.0
0.0
0.0
0.0
0.0
0.0
0.0
0.0
0.0
0.0
0.0
0.0
0.0
0.0
0.0
0.0
0.0
0.0
0.0
0.0
4.402
4.402
6.961
0.0
0.0
0.0
0.0
0.0
0.0
0.0
0.0
0.0
0.0
0.0
0.0
0.0
0.0
0.0
0.0
0.0
0.0
6.27
0.0
0.0
0.0
12.54
0.0
0.0
0.0
0.0
7.819
0.0
49.562
0.0
0.0
0.0
0.0
4.789
9.579
0.0
4.789
14.368
0.0
0.0
0.0
0.0
0.0
11.137
0.0
0.0
0.0
7.425
0.0
0.0
0.0
0.0
0.0
9.306
13.96
0.0
0.0
0.0
5.243
0.0
5.243
5.243
0.0
14.997
0.0
0.0
0.0
0.0
0.0
0.0
3.571
7.142
10.712
0.0
5.305
5.305
0.0
10.61
7.952
15.903
0.0
0.0
7.952
11.651
3.884
7.768
3.884
3.884
24.059
0.0
0.0
0.0
0.0
0.0
18.639
0.0
0.0
6.213
12.426
0.0
0.0
0.0
0.0
0.0
0.0
7.197
0.0
7.197
0.0
0.0
0.0
0.0
11.037
11.037
11.957
0.0
0.0
0.0
0.0
0.0
0.0
0.0
0.0
32.396
0.0
0.0
0.0
0.0
0.0
0.0
0.0
0.0
0.0
0.0
0.0
0.0
0.0
0.0
0.0
0.0
0.0
0.0
0.0
0.0
0.0
0.0
0.0
0.0
0.0
0.0
0.0
0.0
45.621
0.0
0.0
31.86
0.0
7.965
7.965
0.0
0.0
0.0
0.0
16.857
0.0
0.0
0.0
0.0
0.0
0.0
0.0
0.0
0.0
7.057
0.0
0.0
0.0
0.0
0.0
0.0
0.0
0.0
0.0
0.0
0.0
0.0
0.0
0.0
0.0
0.0
0.0
0.0
6.392
0.0
0.0
19.176
16.428
0.0
0.0
0.0
5.476
0.0
0.0
0.0
0.0
17.406
0.0
12.026
0.0
0.0
0.0
0.0
10.282
0.0
0.0
0.0
0.0
0.0
0.0
0.0
0.0
0.0
0.0
0.0
0.0
0.0
0.0
0.0
0.0
7.929
7.929
0.0
12.223
12.223
0.0
0.0
0.0
0.0
0.0
0.0
0.0
0.0
8.158
8.158
8.158
0.0
8.158
0.0
3.755
3.755
7.511
0.0
0.0
6.867
6.867
3.434
0.0
0.0
0.0
0.0
0.0
2.758
0.0
0.0
11.044
0.0
0.0
0.0
0.0
0.0
0.0
0.0
0.0
0.0
0.0
3.877
0.0
4.914
0.0
0.0
0.0
0.0
0.0
0.0
0.0
0.0
0.0
11.276
0.0
0.0
0.0
0.0
0.0
0.0
0.0
0.0
0.0
0.0
3.653
3.653
0.0
0.0
0.0
0.0
0.0
0.0
0.0
0.0
0.0
0.0
0.0
0.0
0.0
0.0
0.0
0.0
0.0
0.0
0.0
0.0
0.0
0.0
11.581
0.0
0.0
0.0
0.0
0.0
0.0
0.0
0.0
0.0
0.0
0.0
0.0
0.0
0.0
0.0
0.0
0.0
0.0
0.0
0.0
0.0
0.0
0.0
0.0
0.0
0.0
0.0
0.0
0.0
0.0
0.0
0.0
0.0
0.0
0.0
0.0
4.192
0.0
0.0
4.192
4.192
3.553
0.0
3.553
11.728
0.0
0.0
0.0
11.728
0.0
0.0
5.623
0.0
0.0
0.0
8.336
3.647
7.294
3.647
6.315
6.315
6.315
6.315
3.158
4.222
4.222
0.0
0.0
0.0
13.035
0.0
6.517
0.0
0.0
0.0
22.429
5.607
33.644
0.0
0.0
0.0
0.0
0.0
0.0
9.074
5.425
2.713
0.0
8.138
0.0
11.227
3.742
7.484
0.0
0.0
3.613
0.0
0.0
0.0
7.226
11.508
0.0
0.0
17.261
0.0
0.0
4.392
8.783
13.175
0.0
0.0
0.0
0.0
16.106
0.0
0.0
0.0
4.928
4.928
14.783
4.448
0.0
0.0
4.448
13.345
0.0
0.0
0.0
8.305
16.611
0.0
11.803
11.803
5.902
17.705
5.902
13.033
13.033
0.0
0.0
19.55
0.0
0.0
4.246
8.492
0.0
25.453
0.0
6.363
0.0
0.0
0.0
5.97
5.97
0.0
0.0
0.0
11.631
11.631
23.262
0.0
0.0
13.951
0.0
13.951
13.951
0.0
0.0
0.0
0.0
33.681
0.0
0.0
0.0
0.0
0.0
0.0
0.0
0.0
0.0
0.0
0.0
0.0
0.0
0.0
0.0
0.0
0.0
0.0
0.0
0.0
0.0
0.0
0.0
0.0
0.0
0.0
0.0
0.0
0.0
0.0
0.0
7.478
0.0
0.0
0.0
0.0
0.0
0.0
0.0
6.859
0.0
0.0
5.868
0.0
0.0
0.0
0.0
0.0
0.0
0.0
0.0
0.0
6.302
0.0
0.0
0.0
0.0
0.0
0.0
0.0
0.0
0.0
0.0
0.0
18.26
18.26
0.0
0.0
26.734
0.0
0.0
0.0
0.0
6.993
0.0
0.0
0.0
0.0
0.0
0.0
0.0
0.0
0.0
15.88
0.0
0.0
0.0
0.0
0.0
0.0
0.0
0.0
0.0
0.0
0.0
0.0
0.0
1.956
0.0
1.956
1.956
1.956
0.0
0.0
0.0
0.0
0.0
0.0
16.282
5.427
10.854
0.0
0.0
0.0
3.884
3.884
0.0
0.0
0.0
0.0
0.0
0.0
0.0
0.0
0.0
0.0
0.0
0.0
0.0
0.0
23.222
0.0
0.0
0.0
24.056
0.0
0.0
0.0
0.0
0.0
0.0
0.0
0.0
0.0
0.0
0.0
0.0
0.0
6.22
6.22
0.0
0.0
0.0
0.0
0.0
0.0
0.0
0.0
0.0
0.0
0.0
0.0
0.0
0.0
0.0
0.0
0.0
0.0
0.0
0.0
0.0
0.0
0.0
0.0
0.0
0.0
0.0
0.0
0.0
3.146
0.0
0.0
3.146
0.0
4.479
0.0
0.0
0.0
4.479
0.0
3.41
0.0
0.0
0.0
0.0
0.0
0.0
0.0
0.0
0.0
0.0
0.0
2.358
0.0
0.0
0.0
0.0
0.0
0.0
0.0
0.0
0.0
0.0
0.0
0.0
0.0
0.0
0.0
0.0
6.391
0.0
0.0
4.146
0.0
0.0
0.0
0.0
0.0
0.0
0.0
0.0
8.762
4.381
4.381
0.0
2.48
4.96
0.0
4.997
0.0
4.997
0.0
0.0
4.188
0.0
4.188
0.0
8.377
0.0
6.705
0.0
0.0
3.352
0.0
0.0
0.0
0.0
3.745
0.0
0.0
6.937
0.0
0.0
0.0
0.0
4.882
19.528
0.0
0.0
0.0
3.09
0.0
0.0
3.09
8.753
8.753
20.007
8.753
13.13
0.0
0.0
10.199
0.0
6.8
7.05
14.1
14.1
21.149
0.0
4.062
0.0
0.0
0.0
0.0
1.984
2.267
0.0
1.984
0.0
9.835
9.835
4.918
0.0
0.0
26.129
0.0
0.0
8.71
0.0
5.48
5.48
0.0
0.0
0.0
0.0
0.0
9.307
0.0
9.307
10.081
15.121
0.0
0.0
0.0
0.0
9.098
18.196
9.098
0.0
0.0
9.461
4.731
4.731
9.461
0.0
38.632
0.0
6.439
6.439
25.754
0.0
8.894
0.0
20.329
0.0
19.927
0.0
9.964
9.964
0.0
0.0
0.0
0.0
0.0
0.0
0.0
63.205
0.0
0.0
0.0
0.0
0.0
0.0
0.0
35.26
0.0
0.0
0.0
0.0
0.0
0.0
0.0
0.0
0.0
0.0
0.0
0.0
0.0
0.0
0.0
0.0
0.0
0.0
0.0
0.0
0.0
0.0
0.0
0.0
0.0
0.0
0.0
0.0
0.0
0.0
0.0
0.0
0.0
0.0
0.0
0.0
0.0
0.0
0.0
0.0
0.0
0.0
0.0
0.0
0.0
0.0
0.0
0.0
0.0
0.0
0.0
0.0
0.0
0.0
43.087
0.0
0.0
0.0
0.0
0.0
0.0
0.0
10.479
0.0
0.0
10.479
0.0
0.0
0.0
0.0
0.0
0.0
0.0
0.0
5.842
0.0
0.0
0.0
0.0
0.0
21.01
0.0
0.0
0.0
0.0
0.0
0.0
0.0
0.0
0.0
0.0
0.0
0.0
0.0
0.0
0.0
0.0
0.0
6.406
0.0
6.406
6.406
0.0
0.0
0.0
8.218
0.0
0.0
3.584
3.584
0.0
0.0
0.0
23.283
15.522
15.522
0.0
0.0
0.0
0.0
0.0
5.078
2.539
12.103
0.0
0.0
0.0
7.06
0.0
0.0
0.0
0.0
0.0
0.0
0.0
0.0
0.0
0.0
0.0
0.0
4.829
0.0
0.0
2.6
0.0
0.0
0.0
2.6
4.123
2.061
0.0
0.0
4.123
2.132
0.0
2.132
0.0
4.265
0.0
0.0
0.0
0.0
2.931
0.0
0.0
0.0
0.0
0.0
0.0
0.0
0.0
0.0
0.0
0.0
0.0
0.0
0.0
0.0
0.0
0.0
0.0
0.0
0.0
0.0
0.0
0.0
3.757
0.0
0.0
1.246
0.0
0.0
3.738
1.246
0.0
0.0
0.0
0.0
0.0
0.0
0.0
0.0
0.0
0.0
0.0
0.0
0.0
0.0
0.0
0.0
0.0
0.0
0.0
0.0
0.0
0.0
0.0
0.0
6.397
6.397
3.045
0.0
0.0
3.045
0.0
6.756
0.0
0.0
0.0
0.0
0.0
3.46
3.46
0.0
13.842
7.418
0.0
0.0
6.244
3.122
6.244
0.0
0.0
0.0
0.0
0.0
17.643
8.822
0.0
0.0
3.372
0.0
0.0
0.0
0.0
0.0
13.185
11.301
0.0
0.0
0.0
0.0
11.489
4.04
0.0
0.0
0.0
7.07
0.0
7.981
3.492
10.475
0.0
0.0
7.236
0.0
0.0
0.0
0.0
14.309
9.54
4.77
0.0
28.619
4.265
0.0
0.0
21.323
4.265
0.0
0.0
3.853
0.0
0.0
0.0
18.323
0.0
4.581
5.235
0.0
0.0
0.0
0.0
0.0
0.0
0.0
0.0
0.0
10.189
10.853
21.706
0.0
0.0
0.0
0.0
0.0
0.0
27.281
0.0
0.0
0.0
0.0
0.0
0.0
2.737
0.0
10.95
8.212
0.0
5.475
3.611
10.834
3.611
3.611
7.223
0.0
46.966
0.0
0.0
0.0
25.821
0.0
8.607
0.0
0.0
0.0
0.0
77.219
0.0
0.0
6.292
25.17
0.0
0.0
0.0
0.0
0.0
0.0
0.0
0.0
0.0
0.0
0.0
0.0
0.0
0.0
0.0
0.0
0.0
0.0
0.0
0.0
0.0
0.0
0.0
34.53
0.0
0.0
0.0
0.0
0.0
0.0
0.0
0.0
0.0
0.0
0.0
0.0
0.0
0.0
0.0
0.0
0.0
0.0
0.0
0.0
0.0
0.0
0.0
0.0
5.876
8.65
0.0
5.12
0.0
0.0
0.0
0.0
0.0
0.0
0.0
0.0
0.0
0.0
0.0
0.0
0.0
0.0
0.0
6.359
0.0
0.0
0.0
0.0
0.0
7.416
0.0
0.0
0.0
0.0
0.0
0.0
0.0
0.0
0.0
0.0
0.0
0.0
0.0
0.0
10.61
0.0
0.0
0.0
0.0
0.0
6.053
0.0
0.0
0.0
0.0
22.778
0.0
3.796
0.0
0.0
3.796
0.0
0.0
0.0
0.0
0.0
0.0
0.0
0.0
40.133
0.0
5.143
10.287
0.0
0.0
0.0
3.064
3.501
0.0
0.0
0.0
0.0
0.0
0.0
0.0
0.0
12.141
3.699
0.0
0.0
0.0
0.0
6.119
0.0
0.0
12.238
6.119
0.0
0.0
0.0
0.0
0.0
5.697
5.697
11.395
5.697
0.0
0.0
0.0
0.0
6.622
0.0
0.0
0.0
0.0
0.0
0.0
0.0
0.0
3.056
0.0
0.0
2.972
0.0
0.0
0.0
0.0
0.0
0.0
0.0
7.172
7.172
0.0
0.0
0.0
0.0
0.0
0.0
0.0
0.0
0.0
0.0
0.0
0.0
0.0
0.0
0.0
5.805
0.0
0.0
0.0
0.0
0.0
0.0
0.0
6.055
9.082
0.0
0.0
0.0
0.0
0.0
0.0
1.235
0.0
0.0
0.0
1.235
3.342
0.0
0.0
0.0
0.0
0.0
0.0
0.0
0.0
0.0
0.0
0.0
0.0
0.0
0.0
0.0
0.0
0.0
0.0
0.0
0.0
0.0
0.0
0.0
7.518
22.554
0.0
0.0
0.0
0.0
0.0
6.663
0.0
0.0
6.663
0.0
0.0
0.0
14.082
0.0
0.0
3.304
3.304
3.304
0.0
0.0
0.0
0.0
0.0
0.0
0.0
0.0
0.0
0.0
4.242
7.77
7.77
0.0
3.885
7.77
4.502
0.0
4.502
0.0
4.502
4.556
1.519
1.519
0.0
4.556
0.0
8.391
16.782
4.195
0.0
0.0
0.0
0.0
0.0
0.0
0.0
0.0
0.0
3.574
3.574
7.147
0.0
0.0
0.0
1.977
0.0
0.0
6.871
0.0
0.0
0.0
1.908
7.633
3.817
7.633
0.0
0.0
0.0
0.0
0.0
0.0
13.763
0.0
0.0
0.0
0.0
19.575
9.787
0.0
19.575
19.575
7.755
0.0
7.755
0.0
0.0
0.0
8.587
8.587
0.0
0.0
27.496
0.0
0.0
0.0
0.0
13.748
6.352
0.0
6.352
25.408
0.0
8.094
8.094
0.0
16.188
0.0
0.0
0.0
0.0
14.177
0.0
0.0
0.0
0.0
0.0
0.0
0.0
0.0
0.0
0.0
0.0
0.0
0.0
0.0
0.0
0.0
0.0
0.0
0.0
0.0
0.0
0.0
0.0
0.0
19.708
19.708
0.0
0.0
0.0
0.0
0.0
0.0
0.0
0.0
0.0
0.0
0.0
0.0
0.0
0.0
0.0
0.0
0.0
0.0
0.0
0.0
0.0
0.0
0.0
0.0
0.0
0.0
0.0
0.0
0.0
0.0
6.518
0.0
0.0
0.0
0.0
0.0
0.0
0.0
0.0
0.0
0.0
0.0
0.0
0.0
0.0
0.0
6.868
0.0
11.017
0.0
0.0
7.412
6.901
7.887
6.901
0.0
0.0
16.98
0.0
0.0
0.0
0.0
21.448
0.0
21.448
10.724
0.0
0.0
0.0
16.046
0.0
0.0
0.0
0.0
0.0
0.0
19.782
13.009
0.0
0.0
13.009
26.018
0.0
0.0
0.0
11.246
0.0
0.0
0.0
0.0
5.807
11.614
12.252
0.0
0.0
0.0
0.0
0.0
16.993
0.0
0.0
0.0
0.0
0.0
0.0
0.0
12.051
0.0
0.0
0.0
7.701
0.0
0.0
0.0
4.707
4.707
4.707
0.0
0.0
0.0
0.0
0.0
4.218
0.0
0.0
0.0
2.618
2.618
0.0
0.0
6.871
0.0
0.0
7.655
0.0
3.827
7.655
0.0
0.0
0.0
0.0
4.561
0.0
0.0
0.0
0.0
0.0
3.8
0.0
0.0
0.0
0.0
0.0
0.0
0.0
2.429
0.0
0.0
0.0
0.0
0.0
0.0
0.0
0.0
0.0
0.0
0.0
9.924
0.0
0.0
0.0
0.0
0.0
4.034
5.525
0.0
0.0
0.0
0.0
0.0
0.0
0.0
0.0
0.0
0.0
0.0
0.0
0.0
0.0
0.0
0.0
0.0
0.0
0.0
0.0
0.0
0.0
0.0
2.257
0.0
0.0
0.0
0.0
0.0
0.0
0.0
0.0
0.0
0.0
0.0
14.847
0.0
0.0
0.0
3.712
0.0
8.58
8.58
0.0
0.0
0.0
0.0
0.0
0.0
0.0
4.59
0.0
0.0
0.0
4.59
4.582
0.0
2.291
0.0
0.0
13.567
9.045
0.0
0.0
0.0
13.378
11.706
11.706
0.0
0.0
38.202
0.0
0.0
0.0
4.044
0.0
4.044
16.178
13.099
0.0
6.549
13.099
0.0
23.224
0.0
0.0
0.0
0.0
0.0
0.0
0.0
0.0
2.962
0.0
0.0
0.0
0.0
0.0
0.0
0.0
0.0
0.0
0.0
19.438
1.16
0.0
4.477
1.326
1.16
0.0
3.783
11.349
3.783
0.0
5.957
0.0
0.0
11.914
0.0
0.0
0.0
13.952
13.952
0.0
14.419
0.0
0.0
0.0
0.0
0.0
0.0
0.0
0.0
0.0
20.189
10.094
10.094
0.0
0.0
0.0
0.0
11.928
0.0
0.0
18.372
18.372
0.0
0.0
9.186
18.372
0.0
0.0
18.0
18.0
18.0
0.0
0.0
0.0
0.0
0.0
29.621
0.0
0.0
0.0
29.621
0.0
0.0
0.0
0.0
0.0
0.0
0.0
9.727
0.0
0.0
0.0
0.0
0.0
0.0
0.0
0.0
0.0
0.0
0.0
0.0
0.0
0.0
0.0
0.0
5.885
0.0
0.0
5.539
0.0
0.0
5.328
8.911
0.0
0.0
0.0
9.019
0.0
0.0
0.0
0.0
0.0
0.0
0.0
0.0
0.0
0.0
0.0
0.0
0.0
0.0
0.0
0.0
0.0
0.0
0.0
0.0
0.0
0.0
0.0
0.0
0.0
0.0
0.0
0.0
0.0
0.0
0.0
0.0
0.0
0.0
0.0
0.0
0.0
0.0
62.502
0.0
0.0
0.0
0.0
0.0
0.0
0.0
0.0
0.0
0.0
0.0
0.0
0.0
0.0
0.0
0.0
0.0
0.0
0.0
0.0
0.0
0.0
0.0
0.0
0.0
0.0
0.0
0.0
53.563
0.0
0.0
0.0
0.0
0.0
0.0
0.0
11.62
0.0
0.0
16.402
0.0
16.402
0.0
0.0
0.0
0.0
0.0
6.674
0.0
0.0
6.674
13.348
0.0
0.0
0.0
12.91
0.0
0.0
0.0
0.0
4.853
4.853
0.0
19.581
0.0
8.567
8.567
8.567
0.0
0.0
0.0
0.0
0.0
0.0
8.606
0.0
0.0
0.0
0.0
0.0
0.0
2.857
0.0
0.0
3.607
0.0
0.0
7.214
0.0
0.0
0.0
0.0
0.0
5.99
5.99
0.0
0.0
0.0
5.717
0.0
5.717
0.0
0.0
0.0
0.0
0.0
0.0
0.0
0.0
0.0
8.765
0.0
0.0
0.0
0.0
0.0
0.0
0.0
0.0
0.0
0.0
0.0
0.0
0.0
0.0
2.515
0.0
0.0
5.029
0.0
3.322
3.322
0.0
0.0
0.0
0.0
0.0
0.0
0.0
7.093
0.0
0.0
0.0
0.0
0.0
0.0
0.0
0.0
0.0
0.0
0.0
0.0
0.0
0.0
0.0
0.0
3.004
0.0
0.0
0.0
5.074
0.0
2.537
0.0
0.0
0.0
3.499
0.0
3.499
6.999
0.0
0.0
7.16
0.0
0.0
0.0
4.886
0.0
0.0
0.0
2.238
0.0
0.0
0.0
0.0
0.0
0.0
0.0
0.0
0.0
0.0
0.0
0.0
0.0
0.0
10.944
0.0
5.472
11.09
11.09
0.0
0.0
0.0
23.857
11.928
0.0
0.0
0.0
0.0
2.492
2.492
2.492
0.0
2.492
0.0
7.086
0.0
0.0
7.086
0.0
0.0
0.0
3.263
3.263
0.0
0.0
0.0
0.0
0.0
0.0
2.753
0.0
2.753
0.0
6.926
0.0
4.617
9.234
6.926
0.0
9.423
9.423
0.0
4.712
0.0
0.0
0.0
0.0
8.122
12.001
6.0
6.0
0.0
18.001
8.722
0.0
17.445
8.722
8.722
30.298
15.149
0.0
0.0
0.0
5.602
0.0
16.805
0.0
5.602
6.543
0.0
19.63
0.0
0.0
0.0
0.0
0.0
27.883
0.0
0.0
0.0
12.804
38.413
12.804
0.0
18.138
0.0
0.0
0.0
18.138
0.0
13.07
0.0
0.0
13.07
0.0
0.0
0.0
0.0
0.0
0.0
0.0
0.0
0.0
0.0
0.0
0.0
0.0
0.0
0.0
0.0
0.0
0.0
0.0
0.0
0.0
0.0
0.0
0.0
0.0
0.0
0.0
0.0
0.0
0.0
0.0
0.0
0.0
0.0
0.0
0.0
0.0
0.0
0.0
20.792
41.583
11.366
5.128
0.0
0.0
0.0
0.0
0.0
0.0
0.0
0.0
0.0
0.0
0.0
0.0
0.0
6.353
0.0
0.0
0.0
0.0
0.0
0.0
0.0
0.0
0.0
0.0
0.0
0.0
0.0
0.0
7.372
0.0
0.0
46.464
0.0
0.0
0.0
24.024
12.012
0.0
0.0
0.0
0.0
0.0
0.0
17.602
13.054
0.0
0.0
0.0
0.0
0.0
0.0
0.0
0.0
0.0
0.0
10.103
0.0
0.0
0.0
0.0
0.0
0.0
0.0
0.0
0.0
0.0
0.0
0.0
0.0
14.484
14.484
0.0
0.0
0.0
0.0
0.0
0.0
32.398
0.0
0.0
0.0
8.723
0.0
0.0
0.0
0.0
0.0
17.369
8.684
0.0
2.609
0.0
0.0
0.0
0.0
0.0
0.0
0.0
0.0
0.0
0.0
4.164
8.329
0.0
0.0
0.0
0.0
0.0
0.0
0.0
0.0
0.0
0.0
0.0
0.0
0.0
0.0
0.0
0.0
0.0
0.0
0.0
2.298
0.0
0.0
0.0
0.0
0.0
0.0
0.0
2.759
0.0
0.0
0.0
0.0
2.326
2.326
0.0
2.326
0.0
0.0
0.0
0.0
0.0
0.0
0.0
0.0
0.0
0.0
0.0
0.0
0.0
0.0
2.022
0.0
0.0
0.0
0.0
0.0
0.0
0.0
0.0
0.0
0.0
0.0
0.0
0.0
0.0
0.0
0.0
0.0
0.0
0.0
0.0
0.0
0.0
0.0
0.0
0.0
0.0
3.417
0.0
0.0
0.0
0.0
0.0
0.0
0.0
0.0
5.47
16.41
0.0
0.0
1.412
0.0
0.0
0.0
0.0
0.0
0.0
0.0
5.71
3.353
16.763
10.058
0.0
0.0
0.0
0.0
0.0
0.0
0.0
0.0
0.0
0.0
0.0
0.0
0.0
0.0
0.0
0.0
0.0
0.0
0.0
0.0
8.791
0.0
4.396
0.0
0.0
0.0
0.0
0.0
0.0
0.0
30.582
0.0
0.0
0.0
20.388
0.0
7.978
23.935
0.0
7.978
15.957
0.0
14.081
0.0
0.0
0.0
0.0
0.0
3.096
0.0
0.0
0.0
0.0
3.539
0.0
0.0
0.0
0.0
0.0
8.153
0.0
3.849
0.0
0.0
0.0
0.0
0.0
0.0
0.0
0.0
0.0
0.0
0.0
3.372
0.0
6.744
41.634
0.0
0.0
16.654
0.0
4.343
0.0
8.685
0.0
0.0
20.322
6.774
0.0
0.0
0.0
0.0
23.282
0.0
11.641
5.821
0.0
0.0
64.234
12.847
12.847
12.847
0.0
17.117
0.0
0.0
5.706
0.0
11.409
0.0
0.0
0.0
0.0
0.0
0.0
0.0
0.0
0.0
0.0
14.642
14.642
14.642
0.0
0.0
0.0
0.0
0.0
0.0
0.0
0.0
0.0
37.015
0.0
0.0
0.0
0.0
0.0
0.0
0.0
0.0
0.0
0.0
0.0
14.193
14.193
0.0
14.193
41.175
0.0
0.0
0.0
27.45
0.0
0.0
0.0
0.0
0.0
0.0
0.0
0.0
0.0
0.0
0.0
0.0
0.0
0.0
0.0
0.0
0.0
0.0
0.0
0.0
0.0
0.0
0.0
0.0
0.0
36.619
0.0
0.0
0.0
0.0
0.0
0.0
10.428
0.0
0.0
10.428
31.285
33.726
0.0
11.242
0.0
0.0
0.0
0.0
0.0
42.215
0.0
0.0
0.0
0.0
0.0
29.148
0.0
0.0
0.0
0.0
44.836
0.0
0.0
0.0
0.0
0.0
0.0
0.0
22.452
0.0
0.0
0.0
0.0
0.0
12.042
0.0
24.908
0.0
0.0
8.303
0.0
5.022
0.0
5.022
0.0
0.0
0.0
0.0
9.86
4.93
0.0
0.0
0.0
7.266
3.633
7.266
0.0
10.872
0.0
0.0
0.0
0.0
5.023
0.0
0.0
5.023
0.0
0.0
0.0
0.0
0.0
0.0
0.0
5.073
0.0
0.0
0.0
10.346
0.0
0.0
0.0
0.0
7.641
0.0
0.0
0.0
0.0
5.276
0.0
0.0
2.638
0.0
0.0
0.0
0.0
16.489
0.0
0.0
0.0
0.0
0.0
0.0
0.0
0.0
0.0
0.0
0.0
0.0
0.0
0.0
0.0
0.0
0.0
0.0
0.0
0.0
0.0
0.0
0.0
0.0
0.0
0.0
0.0
3.676
0.0
0.0
0.0
0.0
0.0
1.781
0.0
0.0
0.0
0.0
0.0
0.0
0.0
0.0
4.515
0.0
0.0
0.0
0.0
0.0
0.0
0.0
0.0
0.0
0.0
0.0
0.0
0.0
0.0
0.0
0.0
0.0
0.0
0.0
0.0
0.0
0.0
10.247
0.0
0.0
0.0
0.0
0.0
0.0
0.0
0.0
0.0
0.0
0.0
0.0
0.0
0.0
0.0
0.0
0.0
0.0
1.181
2.362
2.362
0.0
0.0
0.0
0.0
0.0
5.773
5.773
0.0
0.0
5.773
1.872
3.745
3.745
0.0
1.872
0.0
0.0
12.201
0.0
0.0
0.0
0.0
3.002
3.002
3.002
0.0
0.0
0.0
0.0
0.0
31.719
0.0
13.768
9.179
0.0
18.357
0.0
0.0
0.0
0.0
9.159
0.0
0.0
0.0
0.0
0.0
0.0
15.228
7.614
0.0
0.0
0.0
0.0
0.0
0.0
43.324
0.0
18.424
6.141
12.282
6.141
0.0
0.0
14.156
0.0
9.437
0.0
2.777
0.0
5.553
5.553
12.013
0.0
18.02
12.013
6.007
8.767
0.0
8.767
8.767
0.0
0.0
0.0
0.0
18.28
18.28
7.543
0.0
30.171
7.543
15.085
7.543
0.0
0.0
23.82
0.0
0.0
11.418
11.418
5.709
0.0
5.709
0.0
0.0
0.0
44.638
0.0
18.095
36.19
0.0
0.0
0.0
0.0
0.0
0.0
0.0
0.0
0.0
22.895
0.0
0.0
22.895
0.0
0.0
0.0
0.0
0.0
0.0
0.0
0.0
0.0
0.0
0.0
0.0
0.0
0.0
0.0
0.0
0.0
15.544
15.544
0.0
0.0
50.848
0.0
0.0
0.0
16.305
24.457
0.0
0.0
0.0
16.305
0.0
0.0
0.0
0.0
0.0
0.0
0.0
0.0
0.0
0.0
0.0
0.0
0.0
0.0
0.0
0.0
0.0
0.0
0.0
0.0
0.0
0.0
0.0
0.0
35.985
0.0
0.0
39.131
0.0
0.0
0.0
0.0
0.0
0.0
0.0
0.0
0.0
0.0
0.0
0.0
0.0
0.0
0.0
0.0
0.0
0.0
0.0
0.0
22.641
0.0
11.321
0.0
21.215
7.072
0.0
0.0
0.0
0.0
17.025
0.0
0.0
5.065
0.0
5.065
0.0
0.0
18.836
0.0
0.0
0.0
0.0
6.489
6.489
0.0
0.0
0.0
0.0
8.587
0.0
0.0
0.0
7.491
0.0
0.0
0.0
0.0
0.0
0.0
0.0
0.0
0.0
0.0
17.82
5.94
0.0
11.88
0.0
0.0
0.0
0.0
0.0
13.263
0.0
0.0
51.688
0.0
0.0
0.0
0.0
0.0
0.0
0.0
0.0
0.0
0.0
0.0
0.0
0.0
0.0
0.0
0.0
0.0
0.0
0.0
0.0
0.0
46.209
5.458
0.0
0.0
0.0
0.0
3.112
0.0
0.0
3.112
0.0
7.159
0.0
0.0
0.0
0.0
0.0
0.0
0.0
0.0
0.0
0.0
0.0
0.0
0.0
0.0
0.0
1.869
0.0
1.869
0.0
0.0
0.0
0.0
0.0
2.828
0.0
0.0
0.0
0.0
0.0
0.0
0.0
0.0
0.0
2.165
0.0
0.0
0.0
0.0
0.0
0.0
0.0
0.0
0.0
0.0
4.143
4.143
0.0
0.0
4.567
0.0
0.0
0.0
0.0
0.0
0.0
0.0
11.697
0.0
0.0
5.848
11.697
0.0
0.0
0.0
0.0
0.0
0.0
0.0
0.0
0.0
0.0
8.752
0.0
0.0
0.0
3.142
0.0
0.0
0.0
14.154
7.077
21.231
7.077
0.0
10.011
0.0
15.017
10.011
0.0
6.583
0.0
0.0
0.0
0.0
0.0
0.0
0.0
0.0
0.0
0.0
0.0
7.069
7.069
0.0
7.069
0.0
1.748
0.0
0.0
3.496
0.0
0.0
24.725
0.0
0.0
0.0
0.0
26.188
0.0
0.0
25.657
0.0
0.0
6.414
0.0
0.0
0.0
0.0
11.766
0.0
0.0
7.832
0.0
0.0
0.0
6.14
0.0
24.56
0.0
12.28
0.0
15.037
0.0
15.037
22.555
0.0
0.0
0.0
0.0
0.0
0.0
4.117
0.0
4.117
0.0
0.0
0.0
0.0
0.0
11.426
0.0
0.0
0.0
13.022
13.022
0.0
0.0
0.0
0.0
6.73
0.0
4.851
0.0
0.0
4.851
19.405
35.56
8.89
17.78
17.78
8.89
19.86
0.0
0.0
13.24
6.62
0.0
0.0
0.0
26.455
8.818
37.637
0.0
37.637
0.0
9.409
0.0
0.0
0.0
0.0
0.0
35.515
0.0
71.03
0.0
0.0
0.0
0.0
0.0
0.0
0.0
0.0
0.0
0.0
0.0
0.0
0.0
0.0
0.0
0.0
0.0
0.0
0.0
0.0
0.0
0.0
0.0
0.0
0.0
0.0
0.0
0.0
0.0
0.0
0.0
0.0
0.0
0.0
0.0
0.0
0.0
0.0
0.0
0.0
0.0
0.0
0.0
0.0
0.0
0.0
0.0
34.695
0.0
0.0
0.0
0.0
0.0
0.0
0.0
0.0
0.0
0.0
0.0
0.0
0.0
0.0
0.0
0.0
0.0
0.0
0.0
0.0
0.0
0.0
0.0
0.0
0.0
22.574
0.0
0.0
0.0
0.0
0.0
0.0
0.0
0.0
0.0
0.0
0.0
0.0
0.0
0.0
0.0
0.0
0.0
0.0
0.0
0.0
0.0
0.0
0.0
0.0
0.0
0.0
0.0
0.0
9.553
0.0
0.0
0.0
0.0
0.0
0.0
0.0
0.0
6.26
6.26
0.0
0.0
0.0
0.0
4.909
0.0
4.909
0.0
0.0
0.0
0.0
0.0
0.0
0.0
0.0
0.0
9.398
0.0
0.0
0.0
0.0
0.0
0.0
0.0
0.0
0.0
0.0
0.0
0.0
0.0
0.0
0.0
0.0
0.0
1.325
0.0
1.325
0.0
0.0
0.0
2.679
0.893
0.0
0.0
0.0
0.0
0.0
0.0
0.0
4.315
0.0
0.0
0.0
0.0
0.0
0.0
1.077
17.073
0.0
0.0
0.0
0.0
0.0
0.0
0.0
0.0
0.0
0.0
0.0
0.0
0.0
1.651
0.0
0.0
0.0
0.0
0.0
4.645
1.989
0.0
0.0
0.0
0.0
0.0
0.0
0.0
0.0
0.0
0.0
13.362
0.0
0.0
0.0
0.0
0.0
0.0
0.0
0.0
0.0
0.0
0.0
0.0
5.434
5.434
0.0
0.0
0.0
43.878
0.0
0.0
0.0
0.0
0.0
0.0
0.0
0.0
0.0
0.0
15.574
8.582
0.0
0.0
0.0
0.0
2.035
2.035
4.069
16.292
0.0
0.0
16.292
16.292
0.0
0.0
8.604
25.811
0.0
4.448
0.0
0.0
0.0
13.345
0.0
0.0
0.0
0.0
0.0
0.0
0.0
0.0
0.0
7.038
0.0
3.737
0.0
7.473
0.0
0.0
0.0
0.0
0.0
0.0
6.631
0.0
0.0
0.0
4.569
4.569
0.0
9.435
0.0
0.0
6.29
0.0
3.459
0.0
6.918
0.0
2.883
4.324
2.883
0.0
0.0
0.0
14.895
4.965
0.0
9.93
0.0
10.958
5.479
0.0
0.0
0.0
0.0
9.436
0.0
0.0
0.0
30.222
0.0
0.0
0.0
0.0
0.0
0.0
0.0
0.0
19.386
19.386
0.0
0.0
19.386
0.0
0.0
0.0
0.0
22.344
0.0
0.0
40.329
0.0
0.0
20.165
0.0
0.0
0.0
0.0
16.52
41.89
0.0
0.0
0.0
31.417
25.908
0.0
0.0
0.0
12.954
0.0
0.0
4.739
0.0
0.0
26.125
26.125
0.0
26.125
0.0
0.0
0.0
0.0
0.0
0.0
0.0
0.0
0.0
0.0
0.0
0.0
0.0
0.0
0.0
0.0
0.0
0.0
0.0
0.0
0.0
0.0
0.0
0.0
0.0
0.0
0.0
0.0
0.0
0.0
0.0
0.0
0.0
0.0
0.0
14.432
0.0
0.0
0.0
0.0
0.0
0.0
0.0
0.0
0.0
0.0
42.262
0.0
0.0
0.0
0.0
0.0
0.0
0.0
0.0
0.0
0.0
7.229
0.0
0.0
0.0
0.0
0.0
0.0
12.722
0.0
0.0
0.0
14.0
0.0
0.0
7.0
7.0
0.0
0.0
41.392
0.0
13.797
0.0
8.964
8.964
17.929
0.0
0.0
0.0
0.0
0.0
10.475
0.0
0.0
8.269
4.135
0.0
10.239
10.239
0.0
0.0
20.478
3.513
0.0
0.0
0.0
3.513
0.0
7.189
0.0
0.0
21.568
0.0
0.0
0.0
0.0
0.0
4.57
0.0
0.0
0.0
4.57
0.0
8.5
0.0
0.0
0.0
4.25
0.0
7.897
15.794
0.0
0.0
0.0
0.0
0.0
0.0
0.0
8.829
0.0
0.0
0.0
0.0
19.222
9.611
0.0
0.0
0.0
0.0
8.88
0.0
0.0
0.0
0.0
0.0
0.0
0.0
4.372
5.32
0.0
0.0
0.0
0.0
0.0
0.0
0.0
0.0
0.0
0.0
0.0
0.0
0.0
0.0
0.0
0.0
0.0
0.0
0.0
0.0
0.0
0.0
0.0
15.518
0.0
0.0
0.0
0.0
0.0
0.0
1.769
1.769
0.0
0.0
0.0
0.0
0.0
0.0
0.0
0.0
0.0
0.0
0.0
0.0
0.0
0.0
0.0
0.0
0.0
0.0
3.603
3.603
0.0
0.0
0.0
0.0
0.0
0.0
7.843
0.0
0.0
5.395
0.0
0.0
0.0
16.186
0.0
0.0
0.0
0.0
12.981
0.0
8.893
13.34
0.0
0.0
0.0
9.403
37.613
0.0
9.403
5.286
0.0
0.0
5.024
2.512
0.0
0.0
2.512
0.0
0.0
2.721
0.0
2.721
4.135
8.27
0.0
0.0
4.135
3.411
0.0
2.984
0.0
0.0
0.0
5.833
0.0
0.0
5.833
2.316
2.316
2.316
0.0
6.949
0.0
0.0
0.0
8.771
4.385
0.0
0.0
0.0
0.0
5.319
10.637
0.0
0.0
2.799
0.0
0.0
0.0
7.679
7.679
0.0
0.0
0.0
0.0
2.546
7.639
5.093
0.0
0.0
6.847
13.695
6.847
0.0
11.003
0.0
16.504
0.0
0.0
0.0
11.436
11.436
0.0
0.0
0.0
0.0
33.163
0.0
0.0
0.0
0.0
29.898
0.0
6.502
6.502
0.0
0.0
13.004
0.0
0.0
8.38
0.0
16.76
0.0
3.958
0.0
3.958
7.916
3.958
0.0
7.455
3.728
14.911
0.0
0.0
30.993
0.0
0.0
0.0
0.0
5.587
5.587
5.587
0.0
0.0
0.0
0.0
38.249
0.0
0.0
12.451
0.0
0.0
12.451
0.0
0.0
39.381
0.0
0.0
0.0
0.0
0.0
0.0
61.029
0.0
0.0
0.0
0.0
0.0
0.0
0.0
27.36
0.0
0.0
27.335
0.0
0.0
0.0
0.0
0.0
0.0
0.0
0.0
0.0
0.0
0.0
0.0
0.0
0.0
0.0
0.0
0.0
0.0
0.0
0.0
0.0
0.0
0.0
0.0
0.0
0.0
0.0
0.0
0.0
0.0
0.0
0.0
0.0
0.0
0.0
41.315
0.0
0.0
0.0
0.0
0.0
0.0
0.0
0.0
0.0
0.0
0.0
0.0
0.0
0.0
0.0
0.0
0.0
0.0
0.0
0.0
0.0
0.0
0.0
0.0
10.059
0.0
0.0
0.0
0.0
0.0
15.436
7.718
7.718
7.718
7.718
8.896
0.0
0.0
0.0
0.0
0.0
0.0
0.0
0.0
0.0
0.0
12.171
0.0
0.0
0.0
0.0
3.47
6.941
3.47
0.0
0.0
23.24
7.747
15.493
23.24
21.761
0.0
0.0
0.0
0.0
10.88
0.0
0.0
0.0
0.0
0.0
1.858
1.858
0.0
0.0
0.0
2.46
2.46
0.0
0.0
0.0
0.0
0.0
0.0
0.0
0.0
0.0
6.965
0.0
6.965
0.0
0.0
0.0
0.0
0.0
0.0
0.0
0.0
0.0
0.0
0.0
0.0
0.0
0.0
0.0
0.0
0.0
0.0
0.0
0.0
0.0
0.0
0.0
0.0
3.573
0.0
0.0
0.0
0.0
0.0
0.0
5.849
0.0
0.0
2.925
0.0
0.0
0.0
0.0
0.0
0.0
0.0
0.0
0.0
0.0
0.0
0.0
0.0
0.0
0.0
0.0
0.0
0.0
0.0
0.0
0.0
0.0
0.0
6.025
0.0
0.0
0.0
0.0
0.0
6.609
0.0
6.609
0.0
0.0
4.44
0.0
0.0
4.44
0.0
0.0
0.0
0.0
0.0
0.0
0.0
0.0
0.0
0.0
0.0
0.0
18.163
18.163
0.0
5.972
0.0
11.944
0.0
0.0
2.423
0.0
2.423
2.423
0.0
0.0
0.0
2.524
5.049
0.0
0.0
0.0
0.0
4.792
0.0
0.0
0.0
0.0
4.665
0.0
4.009
2.005
0.0
0.0
0.0
0.0
0.0
4.814
4.814
4.018
0.0
8.037
0.0
12.055
0.0
0.0
9.257
9.257
4.629
0.0
3.361
0.0
0.0
6.721
6.721
0.0
0.0
0.0
0.0
0.0
2.751
16.506
0.0
2.751
5.502
0.0
0.0
0.0
0.0
13.862
0.0
0.0
0.0
0.0
0.0
0.0
0.0
6.646
19.937
0.0
0.0
0.0
5.69
5.69
0.0
0.0
0.0
17.671
17.671
0.0
0.0
0.0
0.0
26.213
0.0
7.106
0.0
0.0
0.0
7.106
23.522
0.0
0.0
0.0
15.682
0.0
6.363
12.726
6.363
0.0
6.363
0.0
0.0
0.0
0.0
0.0
0.0
26.081
0.0
0.0
0.0
0.0
27.994
0.0
0.0
0.0
23.945
0.0
0.0
23.945
0.0
0.0
0.0
0.0
0.0
0.0
0.0
7.492
6.012
6.066
0.0
0.0
0.0
0.0
0.0
0.0
0.0
0.0
0.0
0.0
8.725
0.0
0.0
0.0
0.0
0.0
0.0
0.0
0.0
0.0
0.0
0.0
0.0
0.0
0.0
0.0
0.0
6.602
0.0
0.0
0.0
0.0
0.0
0.0
0.0
0.0
0.0
0.0
0.0
0.0
0.0
0.0
0.0
0.0
0.0
11.946
0.0
0.0
7.921
6.866
0.0
0.0
0.0
0.0
7.521
0.0
0.0
0.0
0.0
0.0
0.0
0.0
0.0
0.0
0.0
0.0
0.0
0.0
0.0
0.0
0.0
0.0
0.0
0.0
0.0
0.0
0.0
4.04
0.0
0.0
0.0
0.0
0.0
0.0
55.337
0.0
0.0
0.0
0.0
0.0
0.0
0.0
5.423
0.0
0.0
0.0
0.0
8.178
0.0
0.0
0.0
4.621
0.0
0.0
0.0
0.0
12.769
6.385
0.0
0.0
0.0
27.321
9.107
0.0
0.0
0.0
6.802
6.802
0.0
0.0
0.0
0.0
5.795
0.0
0.0
0.0
5.697
11.395
0.0
0.0
14.46
0.0
0.0
0.0
0.0
0.0
0.0
0.0
4.601
4.448
2.224
4.448
0.0
2.224
8.035
0.0
0.0
0.0
0.0
0.0
0.0
3.603
0.0
0.0
0.0
4.898
0.0
0.0
4.898
3.279
0.0
0.0
0.0
0.0
0.0
0.0
0.0
0.0
0.0
0.0
0.0
0.0
0.0
0.0
0.0
4.675
0.0
0.0
0.0
0.0
0.0
0.0
0.0
1.577
0.0
0.0
0.0
0.0
0.0
0.0
0.0
0.0
0.0
0.0
0.0
0.0
0.0
0.0
0.0
0.0
0.0
13.3
6.65
0.0
0.0
4.197
0.0
4.197
0.0
0.0
0.0
0.0
0.0
0.0
0.0
0.0
0.0
1.864
5.593
0.0
0.0
0.0
0.0
0.0
0.0
3.498
0.0
5.475
2.738
0.0
0.0
0.0
0.0
0.0
0.0
13.728
0.0
0.0
0.0
0.0
3.003
3.003
9.01
9.01
0.0
0.0
0.0
9.006
0.0
0.0
0.0
1.648
0.0
0.0
3.494
0.0
0.0
3.494
3.494
5.544
2.772
0.0
2.772
0.0
5.211
5.211
5.211
0.0
0.0
5.211
5.794
5.794
0.0
0.0
0.0
2.138
0.0
4.275
4.275
0.0
0.0
0.0
1.313
0.0
1.313
0.0
0.0
0.0
2.924
5.848
3.062
3.062
6.125
0.0
0.0
7.432
0.0
0.0
0.0
0.0
16.158
0.0
0.0
4.04
0.0
7.216
3.608
3.608
0.0
0.0
6.188
0.0
6.188
0.0
0.0
0.0
0.0
4.664
9.328
0.0
0.0
5.125
5.125
0.0
0.0
2.408
9.111
0.0
1.204
3.613
1.204
13.757
9.171
18.342
0.0
4.586
14.689
3.672
0.0
11.017
3.672
0.0
0.0
0.0
0.0
11.277
0.0
0.0
0.0
0.0
0.0
0.0
0.0
0.0
0.0
0.0
0.0
0.0
0.0
0.0
0.0
0.0
0.0
0.0
12.429
7.002
0.0
0.0
0.0
0.0
0.0
0.0
3.515
0.0
0.0
0.0
0.0
0.0
0.0
0.0
0.0
0.0
0.0
0.0
0.0
0.0
0.0
0.0
5.065
0.0
0.0
0.0
0.0
0.0
0.0
0.0
0.0
0.0
21.193
0.0
0.0
0.0
0.0
0.0
0.0
0.0
0.0
0.0
0.0
0.0
0.0
0.0
0.0
0.0
0.0
0.0
0.0
0.0
0.0
0.0
0.0
0.0
0.0
0.0
0.0
0.0
0.0
0.0
0.0
0.0
25.087
0.0
0.0
0.0
0.0
0.0
0.0
0.0
0.0
0.0
0.0
0.0
0.0
0.0
0.0
21.828
0.0
0.0
0.0
0.0
0.0
0.0
0.0
0.0
5.914
5.914
11.828
0.0
3.146
0.0
0.0
0.0
0.0
2.415
0.0
0.0
0.0
0.0
0.0
2.458
0.0
2.458
0.0
1.386
0.0
0.0
0.0
0.0
0.0
0.0
0.0
2.354
0.0
2.354
6.926
6.926
0.0
0.0
3.463
0.0
0.0
0.0
0.0
0.0
0.0
0.0
0.0
0.0
0.0
0.0
0.0
0.0
3.542
0.0
0.0
0.0
11.005
0.0
0.0
0.0
0.0
0.0
0.0
8.948
0.0
0.0
0.0
10.704
0.0
0.0
11.257
0.0
0.0
0.0
0.0
0.0
4.768
4.768
0.0
0.0
0.0
0.0
0.0
0.0
0.0
0.0
0.0
0.0
0.0
0.0
2.467
0.0
2.467
4.934
2.467
1.341
1.341
0.0
0.0
0.0
0.0
0.0
0.0
0.0
0.0
0.0
0.0
0.0
0.0
0.0
0.0
0.0
1.246
0.0
0.0
0.0
0.0
2.598
0.0
2.598
0.0
0.0
0.0
0.0
0.0
8.797
0.0
0.0
0.0
0.0
0.0
0.0
0.0
0.0
5.618
5.618
0.0
0.0
11.989
7.992
3.996
5.312
0.0
0.0
0.0
5.312
0.0
0.0
0.0
0.0
24.209
0.0
0.0
0.0
0.0
0.0
0.0
0.0
0.0
22.568
5.642
0.0
0.0
11.284
0.0
0.0
0.0
0.0
0.0
0.0
5.283
0.0
0.0
0.0
0.0
0.0
0.0
2.592
0.0
0.0
11.108
16.662
0.0
0.0
11.108
0.0
0.0
12.269
0.0
0.0
0.0
0.0
2.706
0.0
0.0
9.43
0.0
14.144
0.0
0.0
0.0
0.0
4.106
0.0
4.106
2.618
0.0
5.237
10.474
0.0
0.0
0.0
2.323
4.645
2.323
0.0
0.0
0.0
0.0
9.121
7.641
3.821
5.731
0.0
1.91
0.0
2.289
2.289
4.578
6.867
0.0
0.0
0.0
4.942
9.884
4.027
0.0
4.027
0.0
0.0
10.338
15.507
0.0
10.338
0.0
0.0
7.594
0.0
0.0
15.188
30.377
23.713
23.713
0.0
0.0
0.0
0.0
10.341
0.0
0.0
0.0
0.0
0.0
3.205
0.0
0.0
0.0
0.0
0.0
4.381
0.0
0.0
0.0
0.0
17.411
0.0
0.0
14.54
0.0
21.809
21.809
0.0
0.0
0.0
0.0
0.0
0.0
0.0
0.0
0.0
0.0
39.659
0.0
0.0
0.0
0.0
0.0
0.0
0.0
0.0
0.0
0.0
0.0
0.0
0.0
0.0
0.0
0.0
0.0
0.0
0.0
0.0
0.0
0.0
0.0
0.0
0.0
0.0
0.0
0.0
0.0
0.0
0.0
0.0
0.0
0.0
0.0
0.0
0.0
0.0
0.0
0.0
91.086
0.0
0.0
0.0
0.0
0.0
0.0
0.0
0.0
0.0
0.0
0.0
0.0
7.631
15.261
0.0
0.0
0.0
0.0
0.0
0.0
16.483
16.483
0.0
0.0
16.483
0.0
0.0
0.0
0.0
0.0
23.457
0.0
0.0
0.0
0.0
0.0
0.0
9.759
0.0
0.0
0.0
0.0
0.0
0.0
0.0
0.0
0.0
0.0
0.0
0.0
0.0
0.0
0.0
19.398
0.0
0.0
0.0
0.0
0.0
28.04
0.0
0.0
0.0
0.0
0.0
0.0
0.0
0.0
0.0
10.86
10.86
0.0
0.0
0.0
0.0
0.0
0.0
0.0
0.0
0.0
6.274
0.0
0.0
4.082
0.0
4.082
0.0
0.0
0.0
0.0
0.0
0.0
0.983
0.0
0.0
0.0
0.0
0.0
0.0
0.0
0.0
0.0
0.0
0.0
4.98
0.0
3.299
1.65
1.65
0.0
0.0
0.0
0.0
0.0
0.0
6.893
3.254
1.627
0.0
0.0
0.0
0.0
0.0
0.0
0.0
0.0
0.0
0.0
0.0
0.0
0.0
0.0
0.0
0.0
0.0
0.0
0.0
0.0
0.0
0.0
0.0
0.0
0.0
0.0
0.0
0.0
0.0
0.0
1.758
0.0
3.516
3.516
4.842
0.0
0.0
0.0
0.0
1.614
0.0
0.0
0.0
0.0
0.0
0.0
5.466
0.0
0.0
0.0
9.015
9.015
0.0
0.0
0.0
8.522
8.522
0.0
17.043
0.0
0.0
0.0
5.553
0.0
0.0
0.0
1.736
1.736
0.0
0.0
0.0
0.0
6.308
6.991
0.0
0.0
0.0
0.0
5.909
11.818
5.909
17.727
0.0
36.253
14.501
14.501
0.0
7.251
0.0
10.978
0.0
0.0
32.935
0.0
0.0
11.202
0.0
0.0
16.803
4.355
0.0
0.0
0.0
0.0
0.0
0.0
0.0
11.61
0.0
9.563
19.126
0.0
0.0
0.0
0.0
3.316
0.0
0.0
0.0
0.0
0.0
5.172
5.172
0.0
3.391
0.0
10.172
0.0
3.391
3.328
0.0
3.328
3.328
6.655
10.608
0.0
0.0
0.0
0.0
3.122
0.0
6.244
3.122
0.0
0.0
15.267
0.0
0.0
0.0
0.0
6.572
13.143
0.0
0.0
0.0
0.0
0.0
0.0
0.0
21.637
0.0
17.984
17.984
17.984
35.969
0.0
23.901
0.0
0.0
0.0
0.0
0.0
0.0
26.389
0.0
0.0
0.0
0.0
0.0
25.341
0.0
0.0
0.0
0.0
0.0
0.0
0.0
0.0
0.0
0.0
0.0
0.0
0.0
0.0
0.0
0.0
0.0
0.0
0.0
44.517
10.381
0.0
0.0
0.0
0.0
0.0
0.0
0.0
0.0
0.0
0.0
0.0
0.0
0.0
0.0
0.0
0.0
0.0
0.0
0.0
0.0
0.0
5.422
0.0
0.0
7.157
0.0
0.0
0.0
0.0
0.0
0.0
0.0
0.0
0.0
0.0
0.0
0.0
0.0
0.0
5.68
0.0
0.0
0.0
0.0
0.0
0.0
0.0
0.0
0.0
0.0
0.0
0.0
0.0
0.0
0.0
0.0
0.0
0.0
0.0
0.0
0.0
0.0
0.0
0.0
0.0
0.0
0.0
0.0
0.0
0.0
0.0
0.0
0.0
0.0
0.0
0.0
0.0
0.0
30.512
0.0
0.0
0.0
0.0
0.0
0.0
0.0
0.0
25.473
0.0
0.0
0.0
0.0
0.0
0.0
0.0
0.0
0.0
0.0
5.246
0.0
5.246
11.992
0.0
0.0
0.0
5.996
0.0
0.0
0.0
11.732
5.866
0.0
0.0
2.652
0.0
0.0
2.652
0.0
11.656
0.0
5.828
0.0
2.951
2.951
0.0
0.0
0.0
0.0
0.0
0.0
0.0
4.36
0.0
0.0
0.0
0.0
0.0
5.037
0.0
0.0
0.0
0.0
0.0
0.0
0.0
0.0
0.0
0.0
0.0
0.0
0.0
0.0
0.0
0.0
0.0
0.0
0.0
0.0
0.0
0.0
0.0
0.0
0.0
0.0
0.0
0.0
0.0
0.0
0.0
0.0
0.0
0.0
0.0
0.0
0.0
0.0
0.0
0.0
0.0
0.0
0.0
0.0
0.0
0.0
0.0
0.0
0.0
0.0
0.0
0.0
6.107
0.0
0.0
0.0
0.0
0.0
0.0
0.0
0.0
0.0
0.0
0.0
0.0
0.0
0.0
0.0
0.0
0.0
0.0
0.0
0.0
0.0
0.0
0.0
0.0
0.0
0.0
0.0
0.0
0.0
4.587
0.0
0.0
0.0
0.0
0.0
0.0
0.0
7.379
0.0
0.0
0.0
0.0
12.535
0.0
0.0
0.0
25.07
5.578
0.0
0.0
0.0
0.0
0.0
9.903
9.903
39.613
0.0
0.0
18.351
27.526
10.486
0.0
10.516
0.0
0.0
15.774
0.0
16.33
24.494
8.165
0.0
24.494
8.165
0.0
10.244
0.0
0.0
0.0
3.43
0.0
0.0
1.715
1.715
0.0
0.0
0.0
0.0
8.556
0.0
4.21
0.0
0.0
0.0
0.0
0.0
0.0
0.0
0.0
0.0
0.0
4.705
2.352
0.0
0.0
6.292
3.146
0.0
0.0
15.84
0.0
0.0
0.0
0.0
0.0
12.276
0.0
0.0
12.276
6.531
6.531
0.0
0.0
0.0
20.074
30.111
20.074
0.0
0.0
0.0
0.0
0.0
18.311
0.0
0.0
0.0
0.0
8.461
0.0
16.922
0.0
12.889
0.0
12.889
12.889
23.884
17.913
0.0
0.0
5.971
0.0
0.0
0.0
18.248
0.0
0.0
0.0
0.0
0.0
0.0
0.0
0.0
0.0
0.0
0.0
0.0
0.0
0.0
0.0
0.0
0.0
0.0
0.0
0.0
0.0
0.0
0.0
0.0
0.0
0.0
6.04
0.0
0.0
0.0
0.0
0.0
0.0
5.943
11.885
0.0
0.0
0.0
0.0
0.0
0.0
0.0
0.0
0.0
0.0
0.0
0.0
0.0
0.0
0.0
0.0
0.0
0.0
0.0
0.0
0.0
0.0
0.0
0.0
0.0
0.0
0.0
0.0
0.0
0.0
0.0
0.0
0.0
0.0
0.0
0.0
37.092
0.0
0.0
0.0
0.0
0.0
0.0
0.0
0.0
0.0
0.0
0.0
60.058
0.0
30.029
0.0
0.0
0.0
0.0
0.0
0.0
0.0
0.0
0.0
0.0
0.0
0.0
0.0
0.0
0.0
0.0
0.0
5.938
11.875
0.0
0.0
0.0
0.0
0.0
0.0
19.546
0.0
0.0
0.0
0.0
4.664
9.327
0.0
0.0
0.0
10.485
0.0
4.612
0.0
9.224
0.0
9.224
0.0
10.882
0.0
0.0
10.882
21.765
0.0
0.0
0.0
0.0
0.0
7.386
0.0
7.386
0.0
0.0
0.0
0.0
5.211
0.0
5.211
0.0
0.0
11.191
0.0
0.0
0.0
14.636
0.0
14.636
0.0
0.0
35.082
17.541
0.0
17.541
0.0
1.856
1.856
1.856
5.569
0.0
0.0
0.0
0.0
5.166
2.718
0.0
0.0
2.718
2.718
0.0
1.623
1.623
0.0
0.0
0.0
0.0
0.0
0.0
0.0
0.0
0.0
0.0
0.0
0.0
0.0
0.0
0.0
0.0
0.0
0.0
0.0
0.0
2.74
0.0
0.0
0.0
0.0
0.0
0.831
0.831
0.0
0.0
0.0
0.0
2.025
5.714
5.714
5.714
0.0
0.0
0.0
0.0
0.0
0.0
0.0
11.215
4.583
0.0
0.0
0.0
0.0
0.0
0.0
0.0
2.825
0.0
0.0
5.125
10.249
0.0
0.0
0.0
0.0
0.0
0.0
0.0
0.0
0.0
0.0
2.138
0.0
4.842
0.0
0.0
0.0
0.0
1.791
3.581
0.0
8.525
0.0
0.0
0.0
8.525
0.0
7.745
0.0
0.0
0.0
0.0
0.0
0.0
0.0
8.499
11.895
0.0
0.0
0.0
0.0
0.0
0.0
0.0
0.0
3.299
6.598
0.0
0.0
11.017
11.017
0.0
0.0
0.0
17.086
17.086
0.0
0.0
0.0
0.0
25.101
5.02
13.436
0.0
13.436
6.718
13.436
8.347
0.0
0.0
0.0
16.693
0.0
0.0
0.0
0.0
0.0
5.587
0.0
0.0
22.346
16.76
0.0
11.173
0.0
11.173
0.0
0.0
0.0
0.0
5.225
5.225
27.109
9.036
9.036
0.0
0.0
12.222
0.0
0.0
0.0
12.222
0.0
0.0
0.0
0.0
21.876
0.0
0.0
0.0
7.833
7.833
0.0
5.649
0.0
5.649
0.0
5.649
5.675
28.373
0.0
5.675
0.0
25.134
12.567
0.0
0.0
0.0
0.0
0.0
24.821
12.411
0.0
56.233
0.0
0.0
0.0
0.0
13.188
13.188
0.0
13.188
0.0
0.0
0.0
0.0
0.0
0.0
0.0
0.0
0.0
0.0
0.0
0.0
0.0
0.0
0.0
0.0
0.0
26.588
0.0
0.0
0.0
0.0
0.0
0.0
0.0
0.0
0.0
0.0
0.0
0.0
0.0
0.0
0.0
0.0
0.0
0.0
0.0
0.0
0.0
0.0
0.0
0.0
0.0
0.0
0.0
0.0
0.0
0.0
0.0
0.0
0.0
45.534
0.0
0.0
0.0
0.0
0.0
0.0
0.0
0.0
0.0
0.0
0.0
0.0
0.0
0.0
0.0
0.0
13.073
0.0
0.0
0.0
0.0
0.0
0.0
0.0
0.0
0.0
0.0
0.0
0.0
0.0
0.0
24.299
0.0
0.0
12.15
0.0
0.0
6.102
0.0
0.0
0.0
0.0
22.481
0.0
0.0
0.0
0.0
9.818
0.0
0.0
0.0
5.332
0.0
10.664
5.332
0.0
0.0
0.0
0.0
0.0
0.0
0.0
10.792
5.396
5.396
0.0
0.0
5.985
0.0
0.0
0.0
5.985
0.0
0.0
0.0
0.0
0.0
0.0
0.0
3.595
7.19
3.595
0.0
0.0
10.602
0.0
0.0
0.0
19.204
19.204
0.0
9.602
0.0
0.0
0.0
0.0
0.0
0.0
0.0
0.0
2.66
0.0
0.0
10.108
5.054
5.054
0.0
0.0
0.0
0.0
0.0
0.0
0.0
0.0
0.0
0.0
0.0
3.866
0.0
0.0
0.0
0.0
0.0
0.0
0.0
0.0
0.0
0.0
0.0
0.0
0.0
0.0
0.0
0.0
0.0
0.0
0.0
0.0
0.0
0.0
0.0
0.0
0.0
0.0
0.0
0.0
0.0
0.0
0.0
0.0
0.0
0.0
7.649
0.0
0.0
0.0
0.0
0.0
0.0
0.0
0.0
0.0
0.0
0.0
0.0
5.557
0.0
0.0
0.0
0.0
0.0
2.285
0.0
2.285
0.0
0.0
0.0
0.0
10.248
0.0
0.0
0.0
14.472
0.0
11.492
0.0
0.0
0.0
0.0
0.0
3.389
0.0
0.0
0.0
0.0
2.084
2.084
0.0
0.0
0.0
0.0
0.0
2.403
2.403
4.806
0.0
0.0
0.0
0.0
8.941
13.411
0.0
0.0
0.0
0.0
0.0
9.597
0.0
0.0
0.0
0.0
0.0
0.0
0.0
8.503
4.252
0.0
12.755
0.0
0.0
0.0
0.0
0.0
0.0
0.0
0.0
0.0
10.58
0.0
0.0
0.0
0.0
0.0
0.0
0.0
0.0
0.0
0.0
0.0
0.0
8.691
8.691
4.346
7.898
0.0
23.694
0.0
7.898
47.297
0.0
18.919
0.0
0.0
0.0
16.995
0.0
0.0
0.0
0.0
0.0
4.237
0.0
8.475
0.0
0.0
0.0
7.857
0.0
0.0
0.0
5.515
0.0
0.0
0.0
20.47
0.0
0.0
20.47
0.0
0.0
0.0
6.906
0.0
6.906
0.0
9.967
9.967
9.967
0.0
13.216
0.0
0.0
0.0
0.0
0.0
0.0
0.0
0.0
11.976
0.0
0.0
0.0
0.0
0.0
0.0
0.0
7.147
0.0
7.147
0.0
0.0
0.0
0.0
0.0
0.0
4.918
0.0
0.0
0.0
0.0
0.0
0.0
0.0
2.655
0.0
0.0
0.0
0.0
0.0
0.0
0.0
0.0
0.0
0.0
0.0
0.0
0.0
0.0
0.0
0.0
0.0
0.0
0.0
0.0
0.0
0.09
0.385
0.93
1.696
3.806
49.591
0.0
0.0
0.0
0.0
0.0
0.0
0.0
0.0
0.0
0.0
0.0
0.0
0.0
0.0
0.0
25.39
0.0
0.0
0.0
0.0
23.661
0.0
23.661
0.0
0.0
0.0
0.0
22.467
0.0
0.0
0.0
12.286
12.286
0.0
0.0
0.0
11.329
0.0
0.0
0.0
16.533
0.0
16.533
0.0
0.0
0.0
0.0
23.229
0.0
0.0
4.285
8.571
0.0
0.0
4.285
5.219
0.0
5.219
5.219
0.0
0.0
8.321
2.774
8.321
0.0
0.0
6.915
0.0
13.83
0.0
0.0
8.624
2.875
0.0
0.0
2.875
12.286
0.0
0.0
0.0
0.0
0.0
0.0
0.0
0.0
8.19
0.0
4.457
8.914
8.914
0.0
0.0
0.0
0.0
4.484
0.0
3.361
6.722
3.361
0.0
0.0
0.0
6.088
0.0
0.0
0.0
0.0
0.0
0.0
0.0
0.0
0.0
0.0
0.0
0.0
0.0
0.0
0.0
8.668
0.0
0.0
0.0
0.167
1.706
0.0
0.0
0.0
0.0
0.0
0.0
0.0
0.0
0.0
0.0
0.0
0.0
0.0
0.0
3.147
0.0
0.0
0.0
0.0
0.0
0.0
0.0
0.0
4.809
0.0
0.0
0.0
4.809
0.0
0.0
0.0
0.0
0.0
0.0
0.0
0.0
0.0
0.0
0.0
0.0
13.161
0.0
0.0
0.0
7.463
0.0
0.0
2.488
0.0
0.0
0.0
0.0
0.0
0.0
0.0
0.0
5.032
15.095
0.0
7.154
3.577
0.0
3.577
3.577
2.11
2.11
0.0
12.933
0.0
0.0
0.0
0.0
7.544
0.0
0.0
0.0
0.0
0.0
0.0
0.0
0.0
18.98
0.0
8.315
0.0
0.0
4.157
10.996
5.498
0.0
5.498
0.0
0.0
3.472
0.0
0.0
0.0
0.0
0.0
0.0
4.961
0.0
9.922
0.0
7.2
3.6
0.0
0.0
7.583
0.0
7.583
7.583
2.528
0.0
0.0
0.0
2.796
0.0
0.056
1.613
0.031
15.713
0.0
4.394
4.394
0.0
0.0
4.394
7.05
0.0
0.0
7.05
0.0
0.0
0.0
0.0
27.552
13.776
20.105
0.0
30.158
0.0
10.053
8.884
0.0
0.0
0.0
8.884
0.0
0.0
0.0
15.883
5.294
0.0
26.828
0.0
17.885
8.943
8.943
0.0
0.0
0.0
9.108
0.0
15.221
45.664
0.0
0.0
0.0
1.11
1.398
3.119
12.868
8.456
0.0
0.0
0.0
0.0
0.0
0.0
27.961
13.981
13.981
13.981
0.0
0.0
0.0
0.0
0.0
0.0
0.0
0.0
0.0
0.0
0.0
0.0
0.0
0.0
0.0
12.643
0.0
0.0
0.0
12.643
0.0
0.0
8.125
32.5
8.125
0.0
0.0
0.0
0.0
0.0
0.0
0.0
0.0
0.0
0.0
0.0
0.0
0.0
0.0
0.0
0.0
0.0
0.0
0.0
0.0
0.0
0.0
0.0
0.0
0.0
0.0
0.0
0.0
0.0
0.0
0.0
0.0
0.0
0.0
0.0
0.0
0.0
0.0
0.0
0.0
14.136
14.136
10.038
0.0
0.0
0.0
0.0
0.0
0.0
0.0
0.0
26.74
5.613
0.0
0.0
5.613
0.0
0.0
11.235
0.0
0.0
0.0
0.0
0.0
0.0
0.0
0.0
0.0
23.112
0.0
0.0
0.0
5.662
5.662
5.662
11.323
0.0
0.0
9.034
0.0
0.0
9.034
0.0
5.128
0.0
0.0
5.128
4.065
0.0
8.129
0.0
0.0
0.0
0.0
4.131
8.262
0.0
0.0
9.7
29.099
0.0
0.0
0.0
0.0
5.941
0.0
0.0
0.0
7.696
0.0
0.0
0.0
15.392
0.211
2.518
2.902
7.479
1.136
0.0
0.0
0.0
0.0
0.0
33.83
0.0
0.0
0.0
0.0
0.0
0.0
0.0
0.0
0.0
3.641
7.283
0.0
3.641
3.641
0.0
0.0
0.0
0.0
0.0
0.0
0.0
1.892
0.0
0.0
0.0
0.0
0.0
0.0
0.0
0.0
0.0
0.0
0.0
0.0
0.0
0.0
0.0
0.0
0.0
0.0
0.0
0.0
0.0
0.0
0.0
0.0
0.0
0.0
0.0
0.0
0.0
0.0
3.576
5.364
0.0
0.0
0.0
0.0
0.0
0.0
0.0
0.0
0.0
0.0
0.0
0.0
0.0
0.0
0.0
0.0
0.0
0.0
0.0
0.0
0.0
0.0
0.0
0.0
0.0
0.0
0.0
0.0
0.0
0.0
0.0
0.0
0.0
0.0
1.854
3.708
0.0
0.0
0.0
0.0
0.0
3.335
0.0
2.181
2.181
0.0
0.0
0.0
12.325
0.0
4.108
5.654
5.654
0.0
5.654
0.0
10.536
0.0
0.0
5.268
0.0
0.0
0.0
0.0
0.0
0.0
0.0
0.0
0.0
19.275
0.0
0.0
0.0
0.0
5.63
0.0
0.0
3.515
0.0
0.0
7.03
0.0
0.0
0.0
0.0
0.0
3.179
6.294
6.294
0.0
6.294
3.147
8.336
4.168
0.0
0.0
0.0
0.0
7.866
0.0
0.0
0.0
26.982
0.0
0.0
0.0
6.745
0.0
0.0
26.248
0.0
0.0
0.0
5.075
5.075
10.151
15.226
11.608
0.0
0.0
0.0
23.216
0.0
5.143
0.0
10.286
5.143
7.724
3.159
7.464
5.845
8.261
0.0
12.335
37.004
0.0
12.335
12.335
15.698
4.018
5.086
13.5
0.0
0.0
0.0
0.0
19.386
29.079
11.611
8.268
21.532
5.52
3.654
0.0
0.0
27.511
0.0
0.0
17.368
0.0
0.0
0.0
0.0
0.0
0.0
0.0
0.0
0.0
0.0
0.0
0.0
27.818
0.0
0.0
0.0
0.0
0.0
0.0
0.0
0.0
0.0
0.0
0.0
0.057
0.462
0.312
0.313
0.828
0.0
0.0
0.0
0.0
0.0
0.0
0.0
0.0
0.0
0.0
0.0
4.904
0.0
0.0
0.0
0.0
0.0
0.0
0.0
0.0
0.0
0.0
0.0
0.0
0.0
5.054
0.0
0.0
0.0
0.0
0.0
0.0
0.0
0.0
0.0
0.0
0.0
5.416
0.0
0.0
0.0
0.0
0.0
0.0
0.0
0.0
0.0
0.0
0.0
0.0
9.373
0.0
0.0
0.0
13.318
0.0
26.636
4.064
2.171
0.061
12.464
0.92
0.0
7.424
0.0
0.0
0.0
0.0
0.0
0.0
0.0
0.0
0.0
0.0
0.0
0.0
0.0
7.674
0.0
7.674
15.348
30.697
11.758
0.0
5.879
0.0
0.0
0.0
0.0
0.0
0.0
8.375
0.0
0.0
0.0
0.0
8.983
2.898
5.789
3.405
1.308
0.34
2.037
0.0
3.319
3.319
0.0
0.0
0.0
0.0
10.943
0.0
0.0
0.0
0.0
0.0
0.0
0.0
9.061
0.0
0.0
0.0
9.061
0.0
0.0
0.0
0.0
7.343
0.0
0.0
0.0
0.0
0.0
0.0
0.0
0.0
0.0
0.0
0.0
0.505
0.0
0.0
0.505
0.0
2.631
1.316
1.316
2.631
2.201
2.201
1.101
0.0
0.0
1.959
0.0
1.959
3.918
1.959
0.0
0.0
0.0
0.0
0.0
0.0
