 Yearly Averaged Recharge Values from SWAT
 
 year:        1985
  3.9564934E-02
  0.0000000E+00
  0.0000000E+00
  0.4149446    
  0.2821306    
  0.0000000E+00
  4.6454642E-02
  0.0000000E+00
  0.0000000E+00
  0.2945089    
  0.0000000E+00
  0.4154272    
  0.2971353    
  0.0000000E+00
  0.0000000E+00
  0.3959098    
  0.0000000E+00
  0.3485669    
  0.3710382    
  0.0000000E+00
  0.0000000E+00
  0.2446727    
  0.0000000E+00
  0.3664958    
  0.2872792    
  0.0000000E+00
  0.0000000E+00
  0.2872052    
  0.0000000E+00
  0.2154648    
  0.0000000E+00
  1.6052278E-02
  0.0000000E+00
  0.0000000E+00
  0.2003738    
  0.0000000E+00
  0.3540920    
  0.2458899    
  3.9116845E-02
  0.0000000E+00
  0.0000000E+00
  0.2819478    
  0.0000000E+00
  4.5869093E-02
  0.0000000E+00
  0.3490120    
  0.0000000E+00
  0.3951552    
  0.2965271    
  0.0000000E+00
  0.0000000E+00
  0.3435583    
  0.0000000E+00
  0.1698090    
  0.3635019    
  0.0000000E+00
  0.3203456    
  0.1428170    
  0.2881125    
  0.0000000E+00
  0.3023052    
  0.0000000E+00
  1.5199622E-02
  0.0000000E+00
  0.0000000E+00
  0.3384609    
  3.9379016E-02
  4.5579068E-02
  0.0000000E+00
  0.0000000E+00
  0.3862265    
  0.0000000E+00
  0.4182971    
  0.2565939    
  0.1108345    
  0.0000000E+00
  0.5085739    
  0.4810651    
  0.3589105    
  5.2225977E-02
  0.0000000E+00
  0.0000000E+00
  0.4048520    
  0.0000000E+00
  0.4160878    
  0.2668109    
  0.0000000E+00
  0.0000000E+00
  0.3943616    
  0.0000000E+00
  0.4112460    
  0.0000000E+00
  1.5708949E-02
  0.0000000E+00
  0.3412966    
  0.0000000E+00
  0.3646815    
  0.2070537    
  3.8605023E-02
  0.0000000E+00
  0.0000000E+00
  0.2812558    
  0.0000000E+00
  4.4050664E-02
  0.0000000E+00
  0.0000000E+00
  0.4035859    
  0.2962658    
  0.0000000E+00
  0.4574167    
  0.3672128    
  0.0000000E+00
  0.0000000E+00
  0.4015544    
  0.0000000E+00
  0.0000000E+00
  0.3781827    
  1.5615218E-02
  0.0000000E+00
  0.0000000E+00
  0.1528481    
  0.2440080    
  3.8582809E-02
  0.0000000E+00
  0.0000000E+00
  0.2810873    
  4.4387545E-02
  0.0000000E+00
  0.0000000E+00
  0.4454868    
  7.9505794E-02
  0.0000000E+00
  5.7234287E-02
  0.0000000E+00
  1.5458282E-02
  0.0000000E+00
  0.0000000E+00
  0.3699937    
  3.9442737E-02
  0.0000000E+00
  0.3527336    
  0.0000000E+00
  0.0000000E+00
  0.2331080    
  4.7406469E-02
  0.0000000E+00
  0.0000000E+00
  0.3877732    
  0.0000000E+00
  2.8223346E-03
  0.2569085    
  0.0000000E+00
  1.6444124E-02
  0.3331600    
  0.0000000E+00
  0.0000000E+00
  0.2071229    
  0.0000000E+00
  0.3521098    
  0.0000000E+00
  0.0000000E+00
  0.2330927    
  0.0000000E+00
  0.0000000E+00
  4.1764967E-02
  0.0000000E+00
  0.0000000E+00
  0.3832435    
  0.3787062    
  0.0000000E+00
  2.7487373E-03
  0.2559370    
  0.0000000E+00
  0.4313056    
  0.0000000E+00
  0.3681315    
  0.0000000E+00
  0.0000000E+00
  0.0000000E+00
  0.3695959    
  0.3925115    
  0.0000000E+00
  6.1250706E-03
  0.0000000E+00
  0.0000000E+00
  0.3357113    
  0.0000000E+00
  0.0000000E+00
  0.2067600    
  0.0000000E+00
  0.0000000E+00
  4.4161681E-02
  0.0000000E+00
  0.2951059    
  0.3605311    
  0.2973064    
  0.0000000E+00
  0.0000000E+00
  0.3966109    
  0.3187289    
  0.0000000E+00
  0.3190938    
  0.2604090    
  0.2872240    
  0.0000000E+00
  0.3589773    
  1.3549719E-02
  0.0000000E+00
  0.3567362    
  4.2627458E-02
  0.0000000E+00
  0.0000000E+00
  0.3847586    
  0.0000000E+00
  0.0000000E+00
  0.4869510    
  0.0000000E+00
  5.6126963E-02
  0.0000000E+00
  0.3950765    
  0.0000000E+00
  0.0000000E+00
  0.3725249    
  0.0000000E+00
  0.3104644    
  3.8729075E-02
  0.0000000E+00
  0.3536033    
  0.0000000E+00
  4.4037521E-02
  0.0000000E+00
  0.0000000E+00
  0.3928961    
  0.2456414    
  0.0000000E+00
  0.3761186    
  0.2964197    
  0.1118566    
  0.3708235    
  0.0000000E+00
  0.0000000E+00
  0.1384430    
  0.0000000E+00
  0.0000000E+00
  0.0000000E+00
  1.5601913E-02
  0.0000000E+00
  0.3431779    
  3.8903777E-02
  0.0000000E+00
  0.0000000E+00
  0.3525361    
  0.0000000E+00
  4.5650296E-02
  0.0000000E+00
  0.0000000E+00
  0.3880099    
  0.2318491    
  0.0000000E+00
  0.3951048    
  0.2968574    
  0.1076634    
  0.0000000E+00
  0.0000000E+00
  0.3451844    
  0.0000000E+00
  0.4937464    
  0.3719699    
  5.3784057E-02
  0.0000000E+00
  0.0000000E+00
  0.2630087    
  0.0000000E+00
  0.4219767    
  0.2876481    
  4.8907090E-02
  0.0000000E+00
  0.2876585    
  0.0000000E+00
  0.4260463    
  0.2875393    
  0.0000000E+00
  1.4978178E-02
  0.0000000E+00
  0.0000000E+00
  3.9180484E-02
  0.0000000E+00
  0.3519587    
  0.0000000E+00
  0.0000000E+00
  0.2329906    
  4.5382317E-02
  0.0000000E+00
  0.3878578    
  0.0000000E+00
  2.7026217E-03
  0.2558406    
  1.4704489E-02
  0.0000000E+00
  0.2077723    
  0.3531104    
  0.0000000E+00
  0.0000000E+00
  0.2326566    
  0.0000000E+00
  0.3903655    
  0.0000000E+00
  2.7921530E-03
  0.2566306    
  4.1153077E-02
  0.3133004    
  0.0000000E+00
  0.3399250    
  0.0000000E+00
  0.0000000E+00
  0.2066984    
  0.0000000E+00
  0.3515708    
  0.0000000E+00
  0.0000000E+00
  0.2329699    
  0.0000000E+00
  0.3905595    
  0.0000000E+00
  2.7975247E-03
  0.2562162    
  0.3401031    
  0.0000000E+00
  0.0000000E+00
  0.2072089    
  3.9644871E-02
  0.0000000E+00
  0.0000000E+00
  0.0000000E+00
  4.3080565E-02
  0.0000000E+00
  0.3490708    
  0.0000000E+00
  0.3194366    
  0.3529963    
  0.2970046    
  0.0000000E+00
  0.3368031    
  0.2954355    
  0.2650282    
  0.3703041    
  0.0000000E+00
  0.3778786    
  0.3117157    
  0.2835871    
  0.0000000E+00
  0.0000000E+00
  0.3612734    
  0.3064782    
  0.0000000E+00
  1.2829576E-02
  0.0000000E+00
  0.3038656    
  0.0000000E+00
  0.3110973    
  0.2453569    
  3.7667960E-02
  0.0000000E+00
  0.0000000E+00
  0.4261212    
  0.2813900    
  0.0000000E+00
  4.6118744E-02
  0.0000000E+00
  0.2895987    
  0.0000000E+00
  0.3815191    
  0.2965700    
  0.0000000E+00
  0.3359097    
  0.2764324    
  0.0000000E+00
  0.1979474    
  0.1342014    
  0.0000000E+00
  0.2499789    
  0.0000000E+00
  1.3886512E-02
  0.0000000E+00
  3.8551539E-02
  0.0000000E+00
  0.0000000E+00
  0.0000000E+00
  0.2334852    
  4.3809999E-02
  0.0000000E+00
  0.3908473    
  0.0000000E+00
  2.8754494E-03
  0.3923609    
  0.2565539    
  0.0000000E+00
  0.4345648    
  4.3552637E-02
  0.0000000E+00
  0.0000000E+00
  0.3891053    
  0.0000000E+00
  0.2575265    
  4.3081783E-02
  0.0000000E+00
  0.3790811    
  0.0000000E+00
  0.1996759    
  0.0000000E+00
  1.5668483E-03
  0.0000000E+00
  0.0000000E+00
  3.8461719E-02
  0.0000000E+00
  0.0000000E+00
  0.4260206    
  0.2811206    
  0.0000000E+00
  4.5745511E-02
  0.0000000E+00
  0.0000000E+00
  0.4182103    
  0.2968287    
  0.0000000E+00
  0.0000000E+00
  0.0000000E+00
  0.0000000E+00
  1.5874440E-02
  0.0000000E+00
  0.3939867    
  0.3521888    
  0.2333364    
  0.0000000E+00
  0.0000000E+00
  0.3821199    
  0.2562056    
  0.0000000E+00
  0.0000000E+00
  0.4357223    
  0.0000000E+00
  0.0000000E+00
  0.3751722    
  0.0000000E+00
  0.0000000E+00
  0.3529541    
  0.2498350    
  0.0000000E+00
  0.0000000E+00
  0.0000000E+00
  0.3335396    
  0.2063961    
  0.0000000E+00
  0.0000000E+00
  0.3523385    
  0.0000000E+00
  0.0000000E+00
  0.2331176    
  0.0000000E+00
  0.0000000E+00
  0.3871968    
  0.0000000E+00
  2.7584729E-03
  0.2557873    
  0.3709233    
  0.0000000E+00
  0.0000000E+00
  0.0000000E+00
  0.0000000E+00
  0.3404098    
  0.0000000E+00
  0.0000000E+00
  0.2066828    
  3.8728248E-02
  0.0000000E+00
  0.0000000E+00
  4.4356391E-02
  0.0000000E+00
  0.3522146    
  0.3555042    
  0.0000000E+00
  9.7234994E-02
  0.4801926    
  0.3417549    
  0.0000000E+00
  5.3682275E-02
  0.3107906    
  0.2438225    
  0.0000000E+00
  0.3935163    
  1.3743551E-02
  0.3920084    
  3.8598184E-02
  4.5605872E-02
  0.0000000E+00
  0.0000000E+00
  0.3823316    
  0.0000000E+00
  0.4812575    
  0.3882651    
  0.0000000E+00
  0.0000000E+00
  0.3953189    
  0.3771029    
  0.0000000E+00
  1.3597598E-02
  0.3374172    
  3.8929414E-02
  0.0000000E+00
  0.0000000E+00
  0.2821101    
  4.4290476E-02
  0.0000000E+00
  0.3543182    
  0.0000000E+00
  0.4036055    
  0.2970755    
  0.1090133    
  0.0000000E+00
  0.4060470    
  0.0000000E+00
  0.4692535    
  0.3722953    
  0.3056431    
  0.0000000E+00
  0.2896456    
  0.2966845    
  0.4617219    
  0.0000000E+00
  1.4874891E-02
  0.0000000E+00
  0.0000000E+00
  0.3307477    
  0.2458932    
  0.0000000E+00
  0.3524364    
  0.0000000E+00
  0.2323584    
  4.1854229E-02
  0.0000000E+00
  0.0000000E+00
  0.3812545    
  2.8342605E-03
  0.2566670    
  0.4426020    
  0.3809449    
  0.0000000E+00
  0.3614926    
  0.0000000E+00
  0.3415822    
  0.2079837    
  3.7342805E-02
  0.0000000E+00
  0.0000000E+00
  0.3534479    
  0.0000000E+00
  0.0000000E+00
  0.2326718    
  4.3456785E-02
  0.0000000E+00
  0.0000000E+00
  0.3904375    
  0.0000000E+00
  2.8070381E-03
  0.2562484    
  0.0000000E+00
  0.0000000E+00
  1.5151556E-02
  0.0000000E+00
  0.0000000E+00
  0.3417317    
  0.0000000E+00
  0.0000000E+00
  0.2066752    
  3.9405156E-02
  0.0000000E+00
  0.0000000E+00
  4.4722207E-02
  0.0000000E+00
  0.3561757    
  0.0000000E+00
  0.3869628    
  0.2970987    
  0.0000000E+00
  0.1107962    
  0.0000000E+00
  0.4024613    
  0.2538484    
  0.3718220    
  0.0000000E+00
  0.0000000E+00
  0.3039156    
  0.1756433    
  0.2878478    
  0.0000000E+00
  0.2408821    
  1.5354529E-02
  0.0000000E+00
  0.2003329    
  0.0000000E+00
  0.2458149    
  3.8791150E-02
  0.0000000E+00
  4.4463146E-02
  0.0000000E+00
  0.0000000E+00
  0.2380051    
  0.0000000E+00
  0.3814867    
  0.2955273    
  0.1081235    
  0.0000000E+00
  0.3358615    
  0.3450478    
  0.3700832    
  0.0000000E+00
  0.2487318    
  0.2575127    
  0.2862372    
  0.0000000E+00
  0.1836174    
  0.0000000E+00
  1.2603639E-02
  0.0000000E+00
  0.3257636    
  3.4127198E-02
  0.0000000E+00
  0.4375777    
  0.2820531    
  0.0000000E+00
  4.5948334E-02
  0.0000000E+00
  0.0000000E+00
  0.2278434    
  0.0000000E+00
  0.3979408    
  0.2965665    
  0.0000000E+00
  0.1112411    
  0.0000000E+00
  0.2717349    
  0.0000000E+00
  0.3519358    
  0.3634681    
  0.0000000E+00
  0.0000000E+00
  0.1950836    
  0.0000000E+00
  0.2688465    
  0.2819132    
  0.0000000E+00
  0.2394350    
  0.3889599    
  0.0000000E+00
  1.5409589E-02
  0.0000000E+00
  0.1549135    
  0.0000000E+00
  0.3435899    
  0.2457341    
  3.9502170E-02
  0.0000000E+00
  0.3537259    
  0.0000000E+00
  0.0000000E+00
  0.2334101    
  4.2756196E-02
  0.0000000E+00
  0.0000000E+00
  0.3827560    
  0.0000000E+00
  2.6581502E-03
  0.4035502    
  0.2572433    
  7.8008622E-02
  0.0000000E+00
  0.4372296    
  0.3344927    
  0.0000000E+00
  0.3898998    
  0.3768191    
  0.0000000E+00
  0.3538333    
  0.3971093    
  0.0000000E+00
  1.3029682E-02
  0.0000000E+00
  0.0000000E+00
  0.3366729    
  0.0000000E+00
  0.0000000E+00
  3.6788974E-02
  0.0000000E+00
  0.0000000E+00
  0.3521187    
  0.0000000E+00
  0.0000000E+00
  0.2329747    
  4.2367280E-02
  0.0000000E+00
  0.0000000E+00
  0.3868940    
  0.0000000E+00
  2.8315221E-03
  0.2565798    
  1.2639859E-02
  0.0000000E+00
  0.0000000E+00
  0.0000000E+00
  0.2065070    
  3.7462112E-02
  0.0000000E+00
  0.3431380    
  0.0000000E+00
  0.0000000E+00
  0.2822576    
  0.2307024    
  4.4289555E-02
  0.0000000E+00
  0.0000000E+00
  0.3857193    
  0.3786599    
  0.0000000E+00
  2.9128334E-03
  0.4124689    
  0.2970570    
  0.2542579    
  0.1083543    
  0.0000000E+00
  0.4927480    
  0.3444278    
  0.0000000E+00
  6.9864951E-02
  0.4517311    
  0.3656254    
  5.5749994E-02
  0.3910436    
  0.2439637    
  1.4969283E-02
  0.3988473    
  4.6830509E-02
  0.0000000E+00
  0.3917050    
  0.2992744    
  0.0000000E+00
  6.1678365E-03
  0.2662011    
  0.2601302    
  1.4875768E-02
  0.0000000E+00
  0.0000000E+00
  0.0000000E+00
  0.4006837    
  0.2460041    
  0.2069760    
  3.9280936E-02
  0.0000000E+00
  0.0000000E+00
  0.2819258    
  4.4051535E-02
  0.0000000E+00
  0.0000000E+00
  0.3906322    
  0.0000000E+00
  0.4123881    
  0.2965063    
  0.0000000E+00
  0.0000000E+00
  0.3721715    
  0.0000000E+00
  0.3959264    
  0.0000000E+00
  0.0000000E+00
  0.4321317    
  1.6423037E-02
  0.0000000E+00
  3.8829394E-02
  0.0000000E+00
  4.5972914E-02
  0.0000000E+00
  0.0000000E+00
  0.3905968    
  0.2901333    
  0.4272290    
  0.2970739    
  0.0000000E+00
  0.2629132    
  0.3307879    
  0.3416696    
  5.3340774E-02
  0.0000000E+00
  0.0000000E+00
  0.2021221    
  0.3007101    
  0.4309756    
  0.2876911    
  0.0000000E+00
  0.0000000E+00
  0.1172040    
  0.1978404    
  0.4112106    
  0.2876713    
  0.0000000E+00
  0.3454323    
  0.3431005    
  0.0000000E+00
  0.0000000E+00
  0.2335725    
  0.0000000E+00
  0.0000000E+00
  0.3905508    
  0.3752684    
  0.0000000E+00
  2.7900152E-03
  0.2566463    
  0.4049536    
  0.0000000E+00
  0.3431371    
  0.3258093    
  0.0000000E+00
  0.0000000E+00
  0.2077177    
  3.8512904E-02
  0.0000000E+00
  0.0000000E+00
  0.3529621    
  0.0000000E+00
  0.0000000E+00
  0.2329522    
  4.6470065E-02
  0.0000000E+00
  0.0000000E+00
  0.3901524    
  0.0000000E+00
  2.8257458E-03
  0.2559886    
  0.0000000E+00
  0.0000000E+00
  0.0000000E+00
  0.2071440    
  4.3194439E-02
  0.0000000E+00
  0.0000000E+00
  0.3853991    
  0.0000000E+00
  0.4828654    
  0.3325747    
  5.5162150E-02
  0.0000000E+00
  0.4077347    
  0.0000000E+00
  0.0000000E+00
  0.3630002    
  0.2306038    
  3.9213512E-02
  0.0000000E+00
  0.0000000E+00
  0.2819004    
  4.4484384E-02
  0.0000000E+00
  0.0000000E+00
  0.0000000E+00
  0.4182837    
  0.2964795    
  0.0000000E+00
  0.0000000E+00
  0.3979570    
  0.0000000E+00
  0.4663032    
  0.3717470    
  0.0000000E+00
  0.0000000E+00
  0.3202845    
  0.4102332    
  0.2876514    
  0.3782184    
  1.3867063E-02
  0.0000000E+00
  0.3566339    
  0.2453028    
  0.0000000E+00
  0.0000000E+00
  0.0000000E+00
  0.3840918    
  0.4479204    
  0.0000000E+00
  0.0000000E+00
  0.4827328    
  0.4075242    
  0.2089192    
  0.0000000E+00
  0.0000000E+00
  0.0000000E+00
  0.4070110    
  0.2370195    
  0.4310018    
  0.0000000E+00
  0.0000000E+00
  0.2900585    
  3.7006468E-02
  0.0000000E+00
  0.0000000E+00
  0.2319805    
  0.0000000E+00
  4.3656271E-02
  0.0000000E+00
  0.0000000E+00
  0.4093297    
  0.2559001    
  1.1271690E-02
  0.0000000E+00
  0.0000000E+00
  0.3917791    
  0.2031151    
  4.0417232E-02
  0.0000000E+00
  0.3543267    
  0.0000000E+00
  0.0000000E+00
  0.2340533    
  4.5543171E-02
  0.0000000E+00
  0.0000000E+00
  0.3902231    
  0.0000000E+00
  2.8249761E-03
  0.2581271    
  1.4997615E-02
  1.6072443E-02
  0.0000000E+00
  0.0000000E+00
  0.0000000E+00
  0.0000000E+00
  0.2075621    
  3.8860437E-02
  0.0000000E+00
  0.0000000E+00
  4.5744125E-02
  0.0000000E+00
  0.3490864    
  0.3631057    
  0.2970561    
  0.0000000E+00
  0.1117953    
  0.4002792    
  0.3187303    
  0.3724289    
  0.0000000E+00
  5.5235840E-02
  0.3139364    
  0.2632325    
  0.0000000E+00
  0.2009255    
  0.0000000E+00
  0.0000000E+00
  0.0000000E+00
  1.3741478E-02
  0.2468167    
  0.3283707    
  0.0000000E+00
  4.7594264E-02
  0.0000000E+00
  0.3712884    
  0.3671567    
  0.0000000E+00
  0.4848140    
  0.3913963    
  0.0000000E+00
  0.0000000E+00
  0.3877806    
  0.3176613    
  0.0000000E+00
  0.0000000E+00
  0.3965183    
  0.3608883    
  3.9218195E-02
  0.0000000E+00
  0.0000000E+00
  0.4352359    
  0.2341670    
  4.5821622E-02
  0.0000000E+00
  0.0000000E+00
  0.3531136    
  0.2883403    
  0.0000000E+00
  0.4065182    
  0.2563513    
  0.0000000E+00
  0.0000000E+00
  0.3424277    
  0.4075046    
  0.3625341    
  5.5070955E-02
  0.0000000E+00
  0.0000000E+00
  0.2880984    
  0.2565081    
  0.0000000E+00
  0.3689992    
  0.2722646    
  5.0058983E-02
  0.0000000E+00
  0.0000000E+00
  0.1189705    
  0.3608470    
  0.0000000E+00
  0.4593714    
  1.5948784E-02
  0.0000000E+00
  0.0000000E+00
  0.1088019    
  0.3068841    
  0.3183373    
  0.0000000E+00
  0.2334102    
  0.0000000E+00
  0.0000000E+00
  4.2413551E-02
  0.0000000E+00
  2.8593990E-03
  0.3681170    
  0.2537510    
  0.0000000E+00
  0.2040904    
  5.0725933E-02
  0.2652033    
  0.0000000E+00
  0.0000000E+00
  1.0924357E-02
  0.3357863    
  3.9864104E-02
  0.0000000E+00
  0.0000000E+00
  0.3534504    
  0.0000000E+00
  0.0000000E+00
  0.2303502    
  4.1823708E-02
  0.0000000E+00
  0.0000000E+00
  0.3839032    
  0.0000000E+00
  2.8139092E-03
  0.2558436    
  1.3160631E-02
  0.0000000E+00
  0.0000000E+00
  0.0000000E+00
  0.0000000E+00
  0.2068701    
  0.0000000E+00
  0.0000000E+00
  0.3570501    
  0.2315761    
  0.2957861    
  0.0000000E+00
  0.2518791    
  0.0000000E+00
  0.3644738    
  0.0000000E+00
  0.0000000E+00
  0.2631025    
  0.2811630    
  0.1750063    
  0.2405141    
  0.0000000E+00
  0.0000000E+00
  4.4457603E-02
  0.0000000E+00
  0.3613388    
  0.0000000E+00
  0.4479574    
  0.0000000E+00
  0.0000000E+00
  0.2494528    
  0.0000000E+00
  0.3218213    
  0.0000000E+00
  0.0000000E+00
  0.0000000E+00
  0.2494780    
  0.0000000E+00
  0.1969092    
  0.0000000E+00
  0.2332765    
  0.3678893    
  0.0000000E+00
  0.0000000E+00
  0.1925798    
  0.2990823    
  0.0000000E+00
  3.9208222E-02
  0.0000000E+00
  0.0000000E+00
  0.0000000E+00
  7.1884073E-02
  0.0000000E+00
  4.3258291E-02
  0.0000000E+00
  0.0000000E+00
  0.3855794    
  0.0000000E+00
  0.3923516    
  8.7046213E-02
  0.0000000E+00
  0.0000000E+00
  0.0000000E+00
  0.5063493    
  0.0000000E+00
  0.3416824    
  0.0000000E+00
  5.1068448E-02
  0.0000000E+00
  0.0000000E+00
  0.3886408    
  0.0000000E+00
  0.2991067    
  3.1078978E-02
  0.2695245    
  0.0000000E+00
  4.6331622E-02
  0.0000000E+00
  0.0000000E+00
  0.3946271    
  0.0000000E+00
  0.2752003    
  0.2537059    
  0.0000000E+00
  1.2112691E-02
  0.0000000E+00
  0.0000000E+00
  0.3200979    
  0.0000000E+00
  0.3409971    
  0.0000000E+00
  0.3753227    
  0.2817517    
  0.0000000E+00
  4.1879214E-02
  0.0000000E+00
  0.0000000E+00
  0.3879222    
  0.3503649    
  0.2967920    
  0.2525251    
  0.0000000E+00
  0.2017793    
  0.0000000E+00
  0.0000000E+00
  0.2436735    
  0.0000000E+00
  0.1929144    
  0.0000000E+00
  1.1627523E-02
  0.0000000E+00
  0.0000000E+00
  0.3392433    
  0.2126167    
  0.2456709    
  3.8529623E-02
  0.0000000E+00
  0.0000000E+00
  0.3488067    
  0.0000000E+00
  0.0000000E+00
  0.3865547    
  0.2818783    
  0.2330518    
  4.4326801E-02
  0.0000000E+00
  0.0000000E+00
  0.3851866    
  0.0000000E+00
  2.8305466E-03
  0.4182046    
  0.2970078    
  7.2380118E-02
  0.2560892    
  0.0000000E+00
  0.4841095    
  0.4376314    
  2.3932972E-03
  5.4912627E-02
  0.0000000E+00
  0.0000000E+00
  0.4189456    
  0.2877083    
  0.2692025    
  4.6873581E-02
  0.0000000E+00
  0.0000000E+00
  0.0000000E+00
  0.4412558    
  0.2877252    
  4.0853221E-02
  0.2543924    
  0.0000000E+00
  1.3702852E-02
  0.0000000E+00
  0.0000000E+00
  0.3333059    
  0.0000000E+00
  0.3513152    
  0.2456742    
  8.2415469E-02
  0.2070010    
  0.0000000E+00
  0.0000000E+00
  0.0000000E+00
  4.2190213E-02
  0.0000000E+00
  0.3533271    
  0.0000000E+00
  0.3216144    
  0.3605179    
  0.2964055    
  0.0000000E+00
  0.1070549    
  0.4712476    
  0.3931217    
  0.3218521    
  0.3637203    
  0.0000000E+00
  4.8436735E-02
  0.3772734    
  0.3096017    
  0.2960159    
  0.0000000E+00
  4.5591764E-02
  0.1776583    
  0.3110074    
  0.0000000E+00
  1.3005599E-02
  0.3056891    
  0.0000000E+00
  0.3333970    
  3.9740045E-02
  0.0000000E+00
  0.0000000E+00
  0.0000000E+00
  0.4193840    
  0.2813856    
  0.2331128    
  0.0000000E+00
  4.4287812E-02
  0.0000000E+00
  0.0000000E+00
  0.3904820    
  0.3593485    
  0.0000000E+00
  2.9035220E-03
  0.3605111    
  0.2969445    
  0.2559810    
  0.0000000E+00
  0.1074663    
  0.0000000E+00
  0.0000000E+00
  0.5193834    
  0.3139690    
  0.3316839    
  0.3722856    
  0.3702860    
  0.0000000E+00
  5.1933777E-02
  0.0000000E+00
  0.0000000E+00
  0.4114786    
  0.2370923    
  0.0000000E+00
  0.3849851    
  0.2878580    
  0.2741684    
  0.0000000E+00
  4.4101261E-02
  0.0000000E+00
  0.0000000E+00
  0.1972170    
  0.0000000E+00
  0.4084508    
  0.2877873    
  0.2585764    
  0.0000000E+00
  1.5007483E-02
  0.0000000E+00
  0.0000000E+00
  0.3077822    
  0.0000000E+00
  0.0000000E+00
  0.3110803    
  0.2457511    
  0.2071147    
  3.7379898E-02
  0.0000000E+00
  0.3496957    
  0.0000000E+00
  0.0000000E+00
  0.2334632    
  0.0000000E+00
  4.4028476E-02
  0.0000000E+00
  0.3828084    
  0.0000000E+00
  2.7111704E-03
  0.4007217    
  0.2968624    
  0.2567363    
  0.0000000E+00
  0.1089523    
  0.0000000E+00
  0.4909915    
  0.3382568    
  0.3716799    
  0.3617925    
  0.0000000E+00
  5.2798234E-02
  0.0000000E+00
  0.4041449    
  0.0000000E+00
  0.2804001    
  0.2871284    
  0.0000000E+00
  0.0000000E+00
  0.3964267    
  0.0000000E+00
  0.2516097    
  0.2875850    
  0.0000000E+00
  1.2877694E-02
  0.0000000E+00
  0.3313825    
  0.0000000E+00
  0.1727564    
  3.6951575E-02
  0.0000000E+00
  0.0000000E+00
  0.3524379    
  0.0000000E+00
  4.3771930E-02
  0.0000000E+00
  0.0000000E+00
  0.3851751    
  0.0000000E+00
  0.4548779    
  7.1598694E-02
  0.2579485    
  0.0000000E+00
  0.3930695    
  0.0000000E+00
  0.0000000E+00
  0.0000000E+00
  0.3908474    
  0.0000000E+00
  0.4836355    
  8.8575505E-02
  0.0000000E+00
  1.4707364E-02
  0.0000000E+00
  0.0000000E+00
  0.3347008    
  0.0000000E+00
  0.4160722    
  6.4192042E-02
  0.2065658    
  0.0000000E+00
  4.2522509E-02
  0.0000000E+00
  0.3558781    
  0.0000000E+00
  0.3842458    
  0.2972277    
  0.0000000E+00
  0.1043954    
  0.3309155    
  0.0000000E+00
  0.3187009    
  0.3722841    
  0.0000000E+00
  4.9340561E-02
  0.2096465    
  0.4045276    
  0.2883430    
  0.0000000E+00
  4.5024220E-02
  0.2478777    
  0.3972470    
  0.0000000E+00
  0.0000000E+00
  0.3020009    
  0.0000000E+00
  0.2319112    
  0.4597547    
  0.2969370    
  0.0000000E+00
  0.3350455    
  0.5846391    
  0.0000000E+00
  8.4247977E-02
  0.0000000E+00
  6.3744515E-02
  4.4178884E-02
  0.0000000E+00
  0.0000000E+00
  0.3794981    
  0.3895724    
  0.2970296    
  0.0000000E+00
  0.4421476    
  0.3175842    
  0.0000000E+00
  0.0000000E+00
  0.0000000E+00
  0.3832088    
  0.3742073    
  0.0000000E+00
  0.0000000E+00
  0.3623925    
  0.3755795    
  0.0000000E+00
  0.0000000E+00
  0.0000000E+00
  0.0000000E+00
  0.3667378    
  0.0000000E+00
  0.0000000E+00
  0.3699544    
  0.0000000E+00
  0.0000000E+00
  0.0000000E+00
  0.0000000E+00
  0.0000000E+00
  0.0000000E+00
  0.0000000E+00
  0.2408473    
  0.3869621    
  0.2972784    
  0.0000000E+00
  0.0000000E+00
  0.3325778    
  0.3187088    
  0.3721405    
  0.0000000E+00
  0.2544560    
  0.1447379    
  0.0000000E+00
  7.7272236E-02
  0.0000000E+00
  0.3762177    
  0.4717709    
  0.3453670    
  0.0000000E+00
  0.3719078    
  8.1731446E-02
  0.0000000E+00
  0.4052995    
  0.1730181    
  4.3992199E-02
  0.0000000E+00
  0.0000000E+00
  0.3855265    
  0.3528801    
  0.2970359    
  7.6472349E-02
  0.0000000E+00
  0.0000000E+00
  0.4451096    
  0.3175890    
  5.0894856E-02
  0.0000000E+00
  0.0000000E+00
  0.3748187    
  0.3586420    
  4.8683252E-02
  0.0000000E+00
  0.0000000E+00
  0.2568767    
  0.4593292    
  0.0000000E+00
  0.0000000E+00
  0.0000000E+00
  0.2848565    
  0.3317586    
  0.4065887    
  0.2973093    
  0.0000000E+00
  0.2599660    
  1.6887551E-02
  0.0000000E+00
  0.0000000E+00
  0.2638067    
  0.1370374    
  0.2880912    
  0.0000000E+00
  0.0000000E+00
  0.2901292    
  0.0000000E+00
  0.0000000E+00
  0.3014746    
  0.3647012    
  3.9961629E-02
  4.4235900E-02
  0.0000000E+00
  0.0000000E+00
  0.3868724    
  0.3527084    
  0.0000000E+00
  0.4213010    
  0.2969712    
  0.1058829    
  0.0000000E+00
  0.4859124    
  0.2820718    
  0.0000000E+00
  0.2483699    
  5.1890366E-02
  0.0000000E+00
  0.3950692    
  0.1993874    
  0.0000000E+00
  0.2631950    
  4.8886247E-02
  0.0000000E+00
  0.3769275    
  0.1964573    
  0.0000000E+00
  0.2274256    
  0.0000000E+00
  0.3471065    
  0.0000000E+00
  4.3225069E-02
  0.0000000E+00
  0.0000000E+00
  0.3839846    
  0.0000000E+00
  0.3734100    
  4.6647932E-02
  0.2570070    
  6.5113686E-02
  0.0000000E+00
  0.3345132    
  5.2536651E-02
  0.0000000E+00
  0.3822910    
  0.0000000E+00
  0.3902730    
  4.6663046E-02
  0.0000000E+00
  0.4593137    
  2.8917018E-02
  0.0000000E+00
  0.0000000E+00
  0.0000000E+00
  0.3352844    
  0.0000000E+00
  0.3672933    
  5.6333099E-02
  0.0000000E+00
  0.0000000E+00
  4.4029184E-02
  0.0000000E+00
  0.0000000E+00
  0.3865382    
  0.3775678    
  0.0000000E+00
  0.3896479    
  0.2969916    
  0.0000000E+00
  0.1113502    
  0.0000000E+00
  0.0000000E+00
  0.4848396    
  0.0000000E+00
  0.2375248    
  0.0000000E+00
  5.1678438E-02
  0.0000000E+00
  0.0000000E+00
  0.4073485    
  0.3992249    
  0.0000000E+00
  0.2959793    
  0.2879418    
  0.0000000E+00
  0.0000000E+00
  0.3702969    
  0.3890280    
  0.0000000E+00
  0.2816464    
  0.2878747    
  0.0000000E+00
  0.0000000E+00
  0.0000000E+00
  0.0000000E+00
  0.0000000E+00
  0.4329075    
  0.0000000E+00
  4.3403640E-02
  0.0000000E+00
  0.0000000E+00
  0.2700237    
  0.4525576    
  5.8299962E-02
  0.0000000E+00
  0.2321793    
  0.0000000E+00
  4.0804174E-02
  0.2871850    
  0.4755663    
  0.0000000E+00
  0.3568491    
  0.1608861    
  0.0000000E+00
  0.0000000E+00
  9.6158013E-03
  0.0000000E+00
  0.0000000E+00
  0.2061364    
  0.0000000E+00
  0.3961950    
  0.0000000E+00
  3.7116539E-02
  0.3516196    
  0.3433775    
  0.0000000E+00
  0.0000000E+00
  0.2297075    
  0.0000000E+00
  4.6042264E-02
  0.0000000E+00
  0.0000000E+00
  0.3707459    
  0.3810791    
  0.0000000E+00
  2.8005098E-03
  0.2236098    
  0.2570167    
  0.0000000E+00
  7.2086193E-02
  0.0000000E+00
  0.4391900    
  0.4680454    
  0.2136429    
  0.0000000E+00
  5.5169273E-02
  0.0000000E+00
  0.0000000E+00
  0.3872297    
  0.3795170    
  0.0000000E+00
  0.0000000E+00
  0.3908871    
  0.2543862    
  0.0000000E+00
  0.0000000E+00
  1.2603012E-02
  0.0000000E+00
  0.0000000E+00
  0.3324938    
  0.3295703    
  0.0000000E+00
  0.0000000E+00
  0.0000000E+00
  0.0000000E+00
  0.3526555    
  0.3432018    
  0.0000000E+00
  0.0000000E+00
  3.4489840E-02
  0.0000000E+00
  0.2742301    
  0.3782223    
  0.0000000E+00
  0.0000000E+00
  0.4285207    
  0.0000000E+00
  0.2701126    
  0.4056908    
  0.0000000E+00
  0.1261853    
  0.3927836    
  0.0000000E+00
  0.0000000E+00
  0.3392319    
  0.0000000E+00
  0.0000000E+00
  0.0000000E+00
  0.3436193    
  0.0000000E+00
  0.0000000E+00
  0.3805788    
  0.0000000E+00
  0.0000000E+00
 
