 Yearly Averaged GW/SW Rates for SWAT
 
 year:        1985
   4483.690    
   340.7528    
   137.8192    
   374.1925    
   1632.611    
   909.0087    
   7156.145    
   189.9079    
   120.2518    
  -73.27063    
   3577.868    
   193.4106    
  -46.56231    
   649.4834    
   205.0385    
   418.4667    
   253.1576    
   412.8875    
   54.89496    
   2152.828    
   92.91892    
   167.1585    
   609.0547    
   97.21120    
  0.0000000E+00
   245.5830    
   22.36519    
   2402.886    
   92.43144    
  0.0000000E+00
   846.1256    
   352.2471    
   923.0400    
   7.734928    
  0.0000000E+00
   341.0737    
   2336.170    
   114.4042    
  0.0000000E+00
  0.0000000E+00
   1249.062    
   433.5059    
   784.7975    
   218.4456    
   433.9475    
   236.3453    
   320.3240    
   973.9723    
   160.6679    
   1381.276    
   1165.718    
   5217.627    
   2690.763    
   1510.947    
   1038.603    
   205.5141    
   625.6299    
   121.2837    
   226.8941    
   462.2845    
   496.5572    
   407.9927    
   1844.671    
   1111.353    
   2783.133    
   133.9329    
   1455.816    
   360.4564    
   270.4131    
 
