 Monthly Averaged GW/SW Rates for SWAT
 
 month:           1 year:        1985
           1   915.5762    
           2   90.80109    
           3  -9.312554    
           4   185.9899    
           5   983.3468    
           6   84.38886    
           7   4288.605    
           8   12.94998    
           9   28.09172    
          10  -122.4219    
          11   2892.851    
          12   92.20409    
          13  -238.2412    
          14   379.6731    
          15   71.38841    
          16   191.8168    
          17   89.89191    
          18   123.2892    
          19  -169.8167    
          20   1488.345    
          21   13.45747    
          22   39.04949    
          23   189.6063    
          24   31.23659    
          25  0.0000000E+00
          26   48.63855    
          27  0.5444777    
          28   856.6895    
          29   56.43240    
          30  0.0000000E+00
          31   165.2735    
          32   75.41634    
          33   350.3052    
          34   4.077912    
          35  0.0000000E+00
          36   59.54146    
          37   678.6168    
          38   25.18039    
          39  0.0000000E+00
          40  0.0000000E+00
          41   255.7708    
          42   101.0421    
          43   60.79787    
          44   63.49052    
          45   307.0197    
          46   36.04503    
          47   51.57861    
          48   307.6421    
          49   62.29710    
          50   1195.880    
          51   163.9081    
          52   1629.989    
          53   1758.395    
          54   1388.629    
          55   301.5173    
          56   29.88432    
          57   236.7708    
          58   63.94167    
          59   6.140113    
          60   81.52243    
          61   299.6702    
          62   148.1330    
          63   198.7944    
          64   236.0262    
          65   645.6793    
          66   65.59356    
          67   415.6188    
          68   119.0971    
          69   142.5639    
 
 month:           2 year:        1985
           1   1568.304    
           2   117.5599    
           3   55.17341    
           4   265.0197    
           5   1361.781    
           6   208.5234    
           7   4458.409    
           8   45.58329    
           9   57.53763    
          10  -158.5393    
          11   3559.899    
          12   145.1351    
          13  -174.2006    
          14   443.0412    
          15   97.01729    
          16   233.8510    
          17   155.0392    
          18   272.6610    
          19  -130.0319    
          20   1693.705    
          21   33.22612    
          22   79.98138    
          23   406.3368    
          24   63.79667    
          25  0.0000000E+00
          26   103.7120    
          27   6.129712    
          28   1396.311    
          29   64.01549    
          30  0.0000000E+00
          31   404.6438    
          32   183.0946    
          33   660.6099    
          34   5.524670    
          35  0.0000000E+00
          36   176.7865    
          37   1296.326    
          38   52.57453    
          39  0.0000000E+00
          40  0.0000000E+00
          41   470.9239    
          42   207.1027    
          43   377.9686    
          44   141.0016    
          45   404.5320    
          46   84.32507    
          47   114.8140    
          48   512.2689    
          49   97.12698    
          50   1309.690    
          51   369.8433    
          52   2464.405    
          53   2056.230    
          54   1517.863    
          55   387.4946    
          56   104.2085    
          57   415.0674    
          58   86.62685    
          59   51.21337    
          60   238.5350    
          61   368.9428    
          62   196.8853    
          63   904.7279    
          64   557.6107    
          65   1414.362    
          66   105.3942    
          67   825.3158    
          68   151.8216    
          69   193.1425    
 
 month:           3 year:        1985
           1   3958.153    
           2   229.9948    
           3   179.6503    
           4   399.7989    
           5   1468.290    
           6   545.2322    
           7   6545.014    
           8   201.1601    
           9   113.1024    
          10  -97.76203    
          11   4434.577    
          12   199.6146    
          13  -43.29430    
          14   652.7196    
          15   191.4017    
          16   385.3870    
          17   248.6364    
          18   467.2099    
          19   116.1109    
          20   2133.601    
          21   95.41302    
          22   157.2204    
          23   762.2120    
          24   127.0037    
          25  0.0000000E+00
          26   239.1350    
          27   26.17541    
          28   2741.819    
          29   116.2533    
          30  0.0000000E+00
          31   917.0728    
          32   403.5623    
          33   1143.248    
          34   8.428617    
          35  0.0000000E+00
          36   367.9555    
          37   2440.542    
          38   114.6692    
          39  0.0000000E+00
          40  0.0000000E+00
          41   1205.788    
          42   408.7758    
          43   906.4564    
          44   256.4903    
          45   419.1405    
          46   237.4386    
          47   375.2440    
          48   932.6826    
          49   215.6103    
          50   1694.057    
          51   1289.064    
          52   5759.033    
          53   3176.851    
          54   1730.189    
          55   1142.446    
          56   233.0934    
          57   811.3435    
          58   132.1607    
          59   234.9499    
          60   502.0718    
          61   651.2468    
          62   406.5641    
          63   2161.683    
          64   1270.063    
          65   2981.822    
          66   151.3526    
          67   1560.496    
          68   482.2985    
          69   294.6645    
 
 month:           4 year:        1985
           1   1408.631    
           2   123.1297    
           3   11.16946    
           4   255.3860    
           5   1427.625    
           6   112.3191    
           7   3925.528    
           8   48.69338    
           9   46.97826    
          10  -201.8324    
          11   2537.570    
          12   127.8328    
          13  -197.8185    
          14   338.4546    
          15   85.56680    
          16   225.5317    
          17   131.4942    
          18   233.8584    
          19  -136.3294    
          20   1298.229    
          21   26.12557    
          22   65.30311    
          23   210.7034    
          24   42.26085    
          25  0.0000000E+00
          26   78.43811    
          27   4.936330    
          28   1012.550    
          29   52.48375    
          30  0.0000000E+00
          31   311.9496    
          32   138.4887    
          33   349.7952    
          34   5.719417    
          35  0.0000000E+00
          36   153.5585    
          37   739.4617    
          38   41.98463    
          39  0.0000000E+00
          40  0.0000000E+00
          41   376.8441    
          42   168.9560    
          43   166.3066    
          44   105.6720    
          45   385.5054    
          46   67.64849    
          47   93.98125    
          48   463.2008    
          49   24.69620    
          50   638.0096    
          51   304.6873    
          52   2007.374    
          53   1762.505    
          54   1247.078    
          55   392.0877    
          56   56.89260    
          57   288.4272    
          58   89.68045    
          59   50.93679    
          60   203.1009    
          61   158.3391    
          62   170.8826    
          63   617.0364    
          64   359.4955    
          65   1050.584    
          66   85.35104    
          67   711.9108    
          68   109.7752    
          69   199.9507    
 
 month:           5 year:        1985
           1   1338.003    
           2   115.4319    
           3   10.98294    
           4   255.7934    
           5   1441.304    
           6   92.57906    
           7   3579.667    
           8   42.36850    
           9   46.25893    
          10  -207.0360    
          11   2310.667    
          12   122.4311    
          13  -206.3552    
          14   286.1326    
          15   81.68981    
          16   198.9752    
          17   130.6221    
          18   228.2794    
          19  -137.8465    
          20   1142.682    
          21   22.88472    
          22   64.30320    
          23   185.8764    
          24   39.20138    
          25  0.0000000E+00
          26   74.59504    
          27   4.849050    
          28   957.2133    
          29   48.35286    
          30  0.0000000E+00
          31   315.7316    
          32   135.8338    
          33   322.3115    
          34   5.789356    
          35  0.0000000E+00
          36   149.1141    
          37   682.3527    
          38   41.89487    
          39  0.0000000E+00
          40  0.0000000E+00
          41   355.5904    
          42   166.4506    
          43   164.7396    
          44   98.53928    
          45   369.2401    
          46   59.58853    
          47   89.54988    
          48   459.3233    
          49   5.813416    
          50   461.5600    
          51   261.8032    
          52   1921.465    
          53   1674.882    
          54   1146.362    
          55   340.7169    
          56   56.76627    
          57   267.1034    
          58   90.77711    
          59   45.16246    
          60   197.8585    
          61   110.7120    
          62   161.8127    
          63   604.6432    
          64   332.4338    
          65   1013.452    
          66   85.34872    
          67   692.6371    
          68   85.91425    
          69   202.3960    
 
 month:           6 year:        1985
           1   1284.426    
           2   109.2612    
           3   10.96852    
           4   254.1245    
           5   1427.800    
           6   83.15764    
           7   3307.020    
           8   40.57964    
           9   46.17852    
          10  -211.0992    
          11   2115.592    
          12   117.2414    
          13  -214.1062    
          14   248.1004    
          15   78.14104    
          16   176.7888    
          17   129.0637    
          18   223.7617    
          19  -137.8853    
          20   1014.638    
          21   20.45740    
          22   64.19142    
          23   165.8857    
          24   37.12710    
          25  0.0000000E+00
          26   71.47820    
          27   4.771493    
          28   912.3987    
          29   45.62043    
          30  0.0000000E+00
          31   314.9982    
          32   134.5466    
          33   300.2841    
          34   5.706662    
          35  0.0000000E+00
          36   146.6774    
          37   637.7922    
          38   41.84918    
          39  0.0000000E+00
          40  0.0000000E+00
          41   338.1071    
          42   166.1653    
          43   163.5663    
          44   92.79979    
          45   355.4280    
          46   53.53407    
          47   85.61952    
          48   455.2499    
          49  -9.909519    
          50   318.8447    
          51   238.6674    
          52   1835.486    
          53   1602.812    
          54   1063.375    
          55   307.7433    
          56   56.46019    
          57   252.7377    
          58   89.48047    
          59   44.60817    
          60   194.9578    
          61   73.10689    
          62   153.6079    
          63   596.3544    
          64   308.2815    
          65   996.2411    
          66   85.36498    
          67   696.6774    
          68   68.85989    
          69   199.5049    
 
 month:           7 year:        1985
           1   1236.013    
           2   103.9938    
           3   10.95627    
           4   252.2475    
           5   1417.788    
           6   99.23653    
           7   3094.446    
           8   39.03782    
           9   46.08999    
          10  -214.3443    
          11   1951.617    
          12   112.3665    
          13  -220.2959    
          14   219.0449    
          15   74.86252    
          16   158.1066    
          17   127.1428    
          18   220.0460    
          19  -138.9626    
          20   907.7306    
          21   18.54005    
          22   64.06834    
          23   149.0092    
          24   35.25057    
          25  0.0000000E+00
          26   68.79703    
          27   4.700521    
          28   873.6561    
          29   43.04377    
          30  0.0000000E+00
          31   313.6650    
          32   133.3414    
          33   282.2500    
          34   5.687917    
          35  0.0000000E+00
          36   144.2770    
          37   600.9916    
          38   41.80727    
          39  0.0000000E+00
          40  0.0000000E+00
          41   322.6660    
          42   165.8524    
          43   162.4950    
          44   88.09276    
          45   349.9828    
          46   48.73442    
          47   82.09097    
          48   450.9903    
          49  -22.93034    
          50   199.4188    
          51   219.3486    
          52   1759.245    
          53   1539.671    
          54   993.6783    
          55   279.8217    
          56   55.99875    
          57   239.6012    
          58   89.18657    
          59   44.08852    
          60   192.0570    
          61   42.77602    
          62   146.1175    
          63   588.1023    
          64   286.6402    
          65   980.4617    
          66   85.34924    
          67   681.8204    
          68   55.22205    
          69   198.8497    
 
 month:           8 year:        1985
           1   1245.730    
           2   99.37302    
           3   11.52908    
           4   250.8983    
           5   1418.617    
           6   121.9981    
           7   3182.839    
           8   38.27827    
           9   46.08996    
          10  -185.7143    
          11   1843.563    
          12   107.7497    
          13  -222.7280    
          14   208.5523    
          15   71.77115    
          16   142.6697    
          17   125.5123    
          18   217.4822    
          19  -126.9679    
          20   947.8574    
          21   17.16485    
          22   64.06831    
          23   134.6905    
          24   33.52718    
          25  0.0000000E+00
          26   67.03133    
          27   4.626722    
          28   849.5262    
          29   40.67381    
          30  0.0000000E+00
          31   312.7930    
          32   132.7993    
          33   271.2384    
          34   5.652916    
          35  0.0000000E+00
          36   142.2859    
          37   576.9001    
          38   41.90993    
          39  0.0000000E+00
          40  0.0000000E+00
          41   311.5691    
          42   165.8674    
          43   165.6441    
          44   84.77451    
          45   352.7494    
          46   45.25500    
          47   79.14999    
          48   451.9599    
          49  -32.23953    
          50   305.9866    
          51   206.5126    
          52   1714.384    
          53   1491.392    
          54   944.0991    
          55   259.9523    
          56   55.77606    
          57   227.5321    
          58   88.63774    
          59   44.21128    
          60   189.6274    
          61   44.68880    
          62   139.4732    
          63   588.5412    
          64   272.6924    
          65   973.8580    
          66   85.37996    
          67   674.1137    
          68   59.70803    
          69   197.6259    
 
 month:           9 year:        1985
           1   1167.443    
           2   95.36091    
           3   10.30858    
           4   249.0672    
           5   1389.791    
           6   102.1737    
           7   2958.321    
           8   35.83358    
           9   45.87972    
          10  -185.0538    
          11   1653.240    
          12   103.5271    
          13  -226.9689    
          14   176.9039    
          15   68.88448    
          16   127.7422    
          17   122.3979    
          18   213.2177    
          19  -125.3248    
          20   836.9842    
          21   15.53382    
          22   63.77606    
          23   119.7043    
          24   31.97613    
          25  0.0000000E+00
          26   63.94162    
          27   4.557823    
          28   799.3721    
          29   38.34118    
          30  0.0000000E+00
          31   309.2868    
          32   130.5890    
          33   250.2845    
          34   5.602764    
          35  0.0000000E+00
          36   139.5972    
          37   532.4254    
          38   41.61230    
          39  0.0000000E+00
          40  0.0000000E+00
          41   293.5330    
          42   165.0951    
          43   156.3568    
          44   79.95406    
          45   334.5860    
          46   41.19262    
          47   75.46104    
          48   437.1284    
          49  -44.53776    
          50   173.5477    
          51   185.7113    
          52   1606.459    
          53   1426.387    
          54   871.8281    
          55   230.8208    
          56   54.43984    
          57   216.4030    
          58   87.85136    
          59   42.41301    
          60   186.2938    
          61   20.86260    
          62   132.3907    
          63   564.5096    
          64   243.7939    
          65   945.3262    
          66   85.12571    
          67   644.9158    
          68   52.80045    
          69   195.8727    
 
 month:          10 year:        1985
           1   9165.183    
           2   643.0338    
           3   479.9116    
           4   651.0064    
           5   1709.622    
           6   1851.327    
           7   13113.81    
           8   561.0657    
           9   291.7476    
          10   268.1638    
          11   6000.767    
          12   317.6808    
          13   294.5284    
          14   1155.229    
          15   378.4672    
          16   739.4910    
          17   505.4218    
          18   860.7496    
          19   625.7473    
          20   3742.546    
          21   229.8023    
          22   405.5499    
          23   1623.364    
          24   262.7133    
          25  0.0000000E+00
          26   580.8614    
          27   67.46300    
          28   5642.357    
          29   195.8514    
          30  0.0000000E+00
          31   2268.766    
          32   966.4235    
          33   2539.501    
          34   14.55463    
          35  0.0000000E+00
          36   849.2648    
          37   5155.687    
          38   298.9718    
          39  0.0000000E+00
          40  0.0000000E+00
          41   2991.721    
          42   1054.907    
          43   2430.591    
          44   496.2851    
          45   448.7773    
          46   575.7724    
          47   899.7482    
          48   1942.380    
          49   476.0421    
          50   2709.415    
          51   3081.855    
          52   12620.00    
          53   5135.610    
          54   2062.738    
          55   2484.965    
          56   569.1675    
          57   1618.643    
          58   228.2165    
          59   691.6661    
          60   1165.648    
          61   1501.723    
          62   816.5897    
          63   5186.950    
          64   3050.989    
          65   7483.201    
          66   275.2889    
          67   3449.188    
          68   1122.769    
          69   508.8296    
 
 month:          11 year:        1985
           1   9899.966    
           2   708.3171    
           3   337.5443    
           4   618.0904    
           5   1618.871    
           6   2359.341    
           7   13251.35    
           8   407.9023    
           9   245.0779    
          10   225.5266    
          11   5211.749    
          12   292.0543    
          13   317.9915    
          14   1417.053    
          15   430.4639    
          16   768.2316    
          17   394.3350    
          18   745.1581    
          19   350.8778    
          20   3951.032    
          21   222.3307    
          22   340.6757    
          23   1305.302    
          24   178.0765    
          25  0.0000000E+00
          26   526.8422    
          27   56.10670    
          28   5052.673    
          29   143.2983    
          30  0.0000000E+00
          31   1842.929    
          32   700.7617    
          33   1926.889    
          34   11.19186    
          35  0.0000000E+00
          36   669.1850    
          37   5118.808    
          38   257.8767    
          39  0.0000000E+00
          40  0.0000000E+00
          41   2642.968    
          42   887.1511    
          43   1842.402    
          44   419.8851    
          45   538.2620    
          46   560.8264    
          47   770.6927    
          48   1624.343    
          49   385.4672    
          50   2740.628    
          51   2574.322    
          52   11233.87    
          53   4214.659    
          54   1715.838    
          55   2000.314    
          56   513.5441    
          57   1111.270    
          58   175.4885    
          59   495.8670    
          60   920.4650    
          61   1131.506    
          62   869.7637    
          63   3934.333    
          64   2375.616    
          65   5740.108    
          66   213.8220    
          67   2606.915    
          68   769.0621    
          69   391.2676    
 
 month:          12 year:        1985
           1   20200.03    
           2   1620.630    
           3   531.1030    
           4   838.4474    
           5   3878.773    
           6   5148.450    
           7   23740.47    
           8   784.1655    
           9   420.7943    
          10   200.0550    
          11   8330.487    
          12   574.1272    
          13   556.0431    
          14   2235.449    
          15   815.2853    
          16   1643.027    
          17   861.2413    
          18   1127.766    
          19   642.6211    
          20   6583.394    
          21   391.5006    
          22   584.9338    
          23   2015.875    
          24   277.9245    
          25  0.0000000E+00
          26   1002.002    
          27   81.33421    
          28   7583.486    
          29   259.1580    
          30  0.0000000E+00
          31   2614.149    
          32   1065.911    
          33   2626.472    
          34   14.58078    
          35  0.0000000E+00
          36   1070.505    
          37   9398.809    
          38   364.1393    
          39  0.0000000E+00
          40  0.0000000E+00
          41   5304.580    
          42   1511.614    
          43   2754.733    
          44   681.2074    
          45   935.3808    
          46   1003.905    
          47   1097.826    
          48   3576.244    
          49   755.1720    
          50   4767.956    
          51   4972.010    
          52   17658.26    
          53   6331.690    
          54   3413.332    
          55   4232.878    
          56   665.5948    
          57   1781.840    
          58   228.6266    
          59   945.6417    
          60   1442.514    
          61   1523.327    
          62   1523.408    
          63   6045.639    
          64   3951.616    
          65   8962.605    
          66   278.9329    
          67   4411.654    
          68   1213.718    
          69   509.7440    
 
