General Input/Output section (file.cio):                                        
4/9/2015 12:00:00 AM ARCGIS-SWAT interface AV                                   
                                                                                


 Year  Day Step  FLOWm^3/s    SEDmg/L   ORGNmg/L   ORGPmg/L    NO3mg/L    NH3mg/L    NO2mg/L   MINPmg/L   CBODmg/L  DISOXmg/L   CHLAug/L SOLPSTmg/L SORPSTmg/L  BACTPct/L BACTLPct/LCMETAL1mg/LCMETAL2mg/LCMETAL3mg/L   TEMPdegC
 1985    1      0  0.000E+00  0.000E+00  0.000E+00  0.000E+00  0.000E+00  0.000E+00  0.000E+00  0.000E+00  0.000E+00  0.000E+00  0.000E+00  0.000E+00  0.000E+00  0.000E+00  0.000E+00  0.000E+00  0.000E+00  0.000E+00  0.000E+00
 1985    2      0  0.000E+00  0.000E+00  0.000E+00  0.000E+00  0.000E+00  0.000E+00  0.000E+00  0.000E+00  0.000E+00  0.000E+00  0.000E+00  0.000E+00  0.000E+00  0.000E+00  0.000E+00  0.000E+00  0.000E+00  0.000E+00  0.000E+00
 1985    3      0  0.505E-01  0.111E+02  0.629E+01  0.161E+01  0.203E+01  0.214E+01  0.183E+00  0.880E+00  0.380E+02  0.521E+00  0.000E+00  0.000E+00  0.000E+00  0.000E+00  0.000E+00  0.000E+00  0.000E+00  0.000E+00  0.462E+01
 1985    4      0  0.162E+00  0.177E+02  0.397E+01  0.107E+01  0.161E+01  0.894E+00  0.121E+00  0.432E+00  0.718E+01  0.590E+01  0.000E+00  0.000E+00  0.000E+00  0.000E+00  0.000E+00  0.000E+00  0.000E+00  0.000E+00  0.680E+01
 1985    5      0  0.678E-01  0.743E+01  0.408E+00  0.993E-01  0.324E+01  0.199E+00  0.456E-01  0.990E-01  0.000E+00  0.120E+02  0.000E+00  0.000E+00  0.000E+00  0.000E+00  0.000E+00  0.000E+00  0.000E+00  0.000E+00  0.684E+01
 1985    6      0  0.264E-01  0.587E+01  0.135E-01  0.335E-02  0.358E+01  0.659E-01  0.167E-01  0.122E-01  0.000E+00  0.111E+02  0.000E+00  0.000E+00  0.000E+00  0.000E+00  0.000E+00  0.000E+00  0.000E+00  0.000E+00  0.100E+02
 1985    7      0  0.133E-01  0.303E+01  0.144E-02  0.354E-03  0.363E+01  0.745E-01  0.228E-01  0.130E-01  0.000E+00  0.108E+02  0.000E+00  0.000E+00  0.000E+00  0.000E+00  0.000E+00  0.000E+00  0.000E+00  0.000E+00  0.113E+02
 1985    8      0  0.195E-01  0.436E+01  0.202E-03  0.568E-04  0.364E+01  0.663E-01  0.176E-01  0.919E-02  0.000E+00  0.113E+02  0.000E+00  0.000E+00  0.000E+00  0.000E+00  0.000E+00  0.000E+00  0.000E+00  0.000E+00  0.924E+01
 1985    9      0  0.432E-01  0.949E+01  0.149E+00  0.300E-01  0.347E+01  0.120E+00  0.347E-01  0.384E-01  0.342E+00  0.100E+02  0.000E+00  0.000E+00  0.000E+00  0.000E+00  0.000E+00  0.000E+00  0.000E+00  0.000E+00  0.124E+02
 1985   10      0  0.000E+00  0.000E+00  0.000E+00  0.000E+00  0.000E+00  0.000E+00  0.000E+00  0.000E+00  0.000E+00  0.000E+00  0.000E+00  0.000E+00  0.000E+00  0.000E+00  0.000E+00  0.000E+00  0.000E+00  0.000E+00  0.000E+00
 1985   11      0  0.192E-01  0.426E+01  0.364E-03  0.851E-04  0.356E+01  0.627E-01  0.146E-01  0.851E-02  0.000E+00  0.123E+02  0.000E+00  0.000E+00  0.000E+00  0.000E+00  0.000E+00  0.000E+00  0.000E+00  0.000E+00  0.605E+01
 1985   12      0  0.399E-01  0.875E+01  0.185E-03  0.594E-04  0.353E+01  0.461E-01  0.799E-02  0.520E-02  0.000E+00  0.133E+02  0.000E+00  0.000E+00  0.000E+00  0.000E+00  0.000E+00  0.000E+00  0.000E+00  0.000E+00  0.312E+01
 1985   13      0  0.375E-01  0.821E+01  0.280E-04  0.206E-04  0.355E+01  0.519E-01  0.102E-01  0.601E-02  0.000E+00  0.127E+02  0.000E+00  0.000E+00  0.000E+00  0.000E+00  0.000E+00  0.000E+00  0.000E+00  0.000E+00  0.474E+01
 1985   14      0  0.000E+00  0.000E+00  0.000E+00  0.000E+00  0.000E+00  0.000E+00  0.000E+00  0.000E+00  0.000E+00  0.000E+00  0.000E+00  0.000E+00  0.000E+00  0.000E+00  0.000E+00  0.000E+00  0.000E+00  0.000E+00  0.000E+00
 1985   15      0  0.428E-03  0.180E+00  0.764E-03  0.146E-03  0.357E+01  0.842E-01  0.248E-01  0.174E-01  0.000E+00  0.119E+02  0.000E+00  0.000E+00  0.000E+00  0.000E+00  0.000E+00  0.000E+00  0.000E+00  0.000E+00  0.736E+01
 1985   16      0  0.158E+00  0.173E+02  0.610E+01  0.158E+01  0.209E+01  0.186E+01  0.119E+00  0.720E+00  0.407E+02  0.167E+00  0.000E+00  0.000E+00  0.000E+00  0.000E+00  0.000E+00  0.000E+00  0.000E+00  0.000E+00  0.115E+02
 1985   17      0  0.526E-01  0.116E+02  0.314E+00  0.736E-01  0.426E+01  0.164E+00  0.450E-01  0.755E-01  0.000E+00  0.109E+02  0.000E+00  0.000E+00  0.000E+00  0.000E+00  0.000E+00  0.000E+00  0.000E+00  0.000E+00  0.105E+02
 1985   18      0  0.301E-01  0.670E+01  0.199E-01  0.484E-02  0.447E+01  0.706E-01  0.202E-01  0.141E-01  0.000E+00  0.104E+02  0.000E+00  0.000E+00  0.000E+00  0.000E+00  0.000E+00  0.000E+00  0.000E+00  0.000E+00  0.128E+02
 1985   19      0  0.377E-01  0.833E+01  0.242E-02  0.610E-03  0.451E+01  0.613E-01  0.166E-01  0.884E-02  0.000E+00  0.105E+02  0.000E+00  0.000E+00  0.000E+00  0.000E+00  0.000E+00  0.000E+00  0.000E+00  0.000E+00  0.124E+02
 1985   20      0  0.548E-01  0.120E+02  0.747E-03  0.219E-03  0.449E+01  0.317E-01  0.482E-02  0.348E-02  0.000E+00  0.138E+02  0.000E+00  0.000E+00  0.000E+00  0.000E+00  0.000E+00  0.000E+00  0.000E+00  0.000E+00  0.193E+01
 1985   21      0  0.196E-01  0.439E+01  0.479E-04  0.187E-04  0.458E+01  0.507E-01  0.947E-02  0.574E-02  0.000E+00  0.131E+02  0.000E+00  0.000E+00  0.000E+00  0.000E+00  0.000E+00  0.000E+00  0.000E+00  0.000E+00  0.369E+01
 1985   22      0  0.677E-02  0.160E+01  0.954E-05  0.606E-05  0.462E+01  0.704E-01  0.178E-01  0.103E-01  0.000E+00  0.123E+02  0.000E+00  0.000E+00  0.000E+00  0.000E+00  0.000E+00  0.000E+00  0.000E+00  0.000E+00  0.616E+01
 1985   23      0  0.282E-01  0.624E+01  0.398E-05  0.703E-05  0.464E+01  0.545E-01  0.115E-01  0.617E-02  0.000E+00  0.123E+02  0.000E+00  0.000E+00  0.000E+00  0.000E+00  0.000E+00  0.000E+00  0.000E+00  0.000E+00  0.616E+01
 1985   24      0  0.956E-02  0.219E+01  0.211E-05  0.348E-05  0.471E+01  0.808E-01  0.267E-01  0.143E-01  0.000E+00  0.107E+02  0.000E+00  0.000E+00  0.000E+00  0.000E+00  0.000E+00  0.000E+00  0.000E+00  0.000E+00  0.114E+02
 1985   25      0  0.000E+00  0.000E+00  0.000E+00  0.000E+00  0.000E+00  0.000E+00  0.000E+00  0.000E+00  0.000E+00  0.000E+00  0.000E+00  0.000E+00  0.000E+00  0.000E+00  0.000E+00  0.000E+00  0.000E+00  0.000E+00  0.000E+00
 1985   26      0  0.701E-03  0.263E+00  0.213E-05  0.368E-05  0.470E+01  0.840E-01  0.256E-01  0.166E-01  0.000E+00  0.116E+02  0.000E+00  0.000E+00  0.000E+00  0.000E+00  0.000E+00  0.000E+00  0.000E+00  0.000E+00  0.823E+01
 1985   27      0  0.263E+00  0.192E+02  0.273E+01  0.711E+00  0.175E+01  0.757E+00  0.801E-01  0.352E+00  0.179E+02  0.992E+00  0.104E+00  0.000E+00  0.000E+00  0.000E+00  0.000E+00  0.000E+00  0.000E+00  0.000E+00  0.137E+02
 1985   28      0  0.106E+00  0.117E+02  0.373E+00  0.945E-01  0.352E+01  0.153E+00  0.325E-01  0.725E-01  0.000E+00  0.115E+02  0.000E+00  0.000E+00  0.000E+00  0.000E+00  0.000E+00  0.000E+00  0.000E+00  0.000E+00  0.838E+01
 1985   29      0  0.813E-01  0.892E+01  0.262E-01  0.641E-02  0.398E+01  0.433E-01  0.115E-01  0.100E-01  0.000E+00  0.109E+02  0.000E+00  0.000E+00  0.000E+00  0.000E+00  0.000E+00  0.000E+00  0.000E+00  0.000E+00  0.110E+02
 1985   30      0  0.649E-01  0.713E+01  0.150E-02  0.338E-03  0.407E+01  0.412E-01  0.142E-01  0.706E-02  0.000E+00  0.992E+01  0.000E+00  0.000E+00  0.000E+00  0.000E+00  0.000E+00  0.000E+00  0.000E+00  0.000E+00  0.149E+02
 1985   31      0  0.940E-01  0.103E+02  0.417E+00  0.965E-01  0.388E+01  0.150E+00  0.232E-01  0.581E-01  0.162E+01  0.113E+02  0.000E+00  0.000E+00  0.000E+00  0.000E+00  0.000E+00  0.000E+00  0.000E+00  0.000E+00  0.395E+01
 1985   32      0  0.883E-01  0.967E+01  0.322E-01  0.798E-02  0.408E+01  0.300E-01  0.415E-02  0.634E-02  0.000E+00  0.144E+02  0.000E+00  0.000E+00  0.000E+00  0.000E+00  0.000E+00  0.000E+00  0.000E+00  0.000E+00  0.387E+00
 1985   33      0  0.787E-01  0.863E+01  0.251E-02  0.640E-03  0.415E+01  0.219E-01  0.305E-02  0.248E-02  0.000E+00  0.145E+02  0.000E+00  0.000E+00  0.000E+00  0.000E+00  0.000E+00  0.000E+00  0.000E+00  0.000E+00 -0.212E+01
 1985   34      0  0.729E-01  0.799E+01  0.258E-03  0.730E-04  0.419E+01  0.222E-01  0.320E-02  0.231E-02  0.000E+00  0.145E+02  0.000E+00  0.000E+00  0.000E+00  0.000E+00  0.000E+00  0.000E+00  0.000E+00  0.000E+00 -0.512E+00
 1985   35      0  0.733E-01  0.803E+01  0.440E-04  0.183E-04  0.420E+01  0.285E-01  0.549E-02  0.307E-02  0.000E+00  0.128E+02  0.000E+00  0.000E+00  0.000E+00  0.000E+00  0.000E+00  0.000E+00  0.000E+00  0.000E+00  0.447E+01
 1985   36      0  0.694E-01  0.761E+01  0.922E-05  0.102E-04  0.422E+01  0.289E-01  0.562E-02  0.318E-02  0.000E+00  0.129E+02  0.000E+00  0.000E+00  0.000E+00  0.000E+00  0.000E+00  0.000E+00  0.000E+00  0.000E+00  0.421E+01
 1985   37      0  0.659E-01  0.722E+01  0.476E-05  0.948E-05  0.425E+01  0.301E-01  0.601E-02  0.337E-02  0.000E+00  0.129E+02  0.000E+00  0.000E+00  0.000E+00  0.000E+00  0.000E+00  0.000E+00  0.000E+00  0.000E+00  0.436E+01
 1985   38      0  0.554E-01  0.122E+02  0.369E-05  0.883E-05  0.431E+01  0.328E-01  0.525E-02  0.339E-02  0.000E+00  0.134E+02  0.000E+00  0.000E+00  0.000E+00  0.000E+00  0.000E+00  0.000E+00  0.000E+00  0.000E+00  0.294E+01
 1985   39      0  0.768E+01  0.928E+02  0.287E+02  0.718E+01  0.467E-01  0.123E+01  0.233E-02  0.498E+00  0.735E+03  0.894E-01  0.967E+02  0.000E+00  0.000E+00  0.000E+00  0.000E+00  0.000E+00  0.000E+00  0.000E+00  0.522E+01
 1985   40      0  0.101E+01  0.369E+02  0.143E+02  0.393E+01  0.371E+00  0.145E+01  0.148E+00  0.607E+00  0.000E+00  0.987E+01  0.250E+00  0.000E+00  0.000E+00  0.000E+00  0.000E+00  0.000E+00  0.000E+00  0.000E+00  0.119E+02
 1985   41      0  0.634E+00  0.278E+02  0.989E+01  0.265E+01  0.827E+00  0.142E+01  0.325E-01  0.527E+00  0.781E+02  0.902E-01  0.280E+00  0.000E+00  0.000E+00  0.000E+00  0.000E+00  0.000E+00  0.000E+00  0.000E+00  0.113E+02
 1985   42      0  0.229E+00  0.167E+02  0.270E+01  0.729E+00  0.201E+01  0.487E+00  0.457E-01  0.151E+00  0.000E+00  0.118E+02  0.250E-03  0.000E+00  0.000E+00  0.000E+00  0.000E+00  0.000E+00  0.000E+00  0.000E+00  0.703E+01
 1985   43      0  0.149E+00  0.163E+02  0.421E+00  0.113E+00  0.248E+01  0.970E-01  0.105E-01  0.196E-01  0.000E+00  0.117E+02  0.000E+00  0.000E+00  0.000E+00  0.000E+00  0.000E+00  0.000E+00  0.000E+00  0.000E+00  0.800E+01
 1985   44      0  0.116E+00  0.128E+02  0.479E-01  0.126E-01  0.254E+01  0.341E-01  0.615E-02  0.484E-02  0.000E+00  0.108E+02  0.000E+00  0.000E+00  0.000E+00  0.000E+00  0.000E+00  0.000E+00  0.000E+00  0.000E+00  0.114E+02
 1985   45      0  0.106E+00  0.117E+02  0.705E-02  0.185E-02  0.252E+01  0.262E-01  0.539E-02  0.308E-02  0.000E+00  0.110E+02  0.000E+00  0.000E+00  0.000E+00  0.000E+00  0.000E+00  0.000E+00  0.000E+00  0.000E+00  0.105E+02
 1985   46      0  0.101E+00  0.111E+02  0.148E-02  0.392E-03  0.250E+01  0.255E-01  0.538E-02  0.261E-02  0.000E+00  0.112E+02  0.000E+00  0.000E+00  0.000E+00  0.000E+00  0.000E+00  0.000E+00  0.000E+00  0.000E+00  0.999E+01
 1985   47      0  0.934E-01  0.103E+02  0.287E-03  0.757E-04  0.248E+01  0.303E-01  0.812E-02  0.323E-02  0.000E+00  0.103E+02  0.000E+00  0.000E+00  0.000E+00  0.000E+00  0.000E+00  0.000E+00  0.000E+00  0.000E+00  0.132E+02
 1985   48      0  0.134E+00  0.147E+02  0.280E-03  0.741E-04  0.241E+01  0.317E-01  0.868E-02  0.306E-02  0.000E+00  0.100E+02  0.000E+00  0.000E+00  0.000E+00  0.000E+00  0.000E+00  0.000E+00  0.000E+00  0.000E+00  0.145E+02
 1985   49      0  0.124E+00  0.136E+02  0.555E-01  0.116E-01  0.237E+01  0.536E-01  0.159E-01  0.132E-01  0.105E+00  0.966E+01  0.000E+00  0.000E+00  0.000E+00  0.000E+00  0.000E+00  0.000E+00  0.000E+00  0.000E+00  0.154E+02
 1985   50      0  0.121E+00  0.133E+02  0.327E-02  0.703E-03  0.233E+01  0.359E-01  0.111E-01  0.481E-02  0.000E+00  0.974E+01  0.000E+00  0.000E+00  0.000E+00  0.000E+00  0.000E+00  0.000E+00  0.000E+00  0.000E+00  0.158E+02
 1985   51      0  0.162E+00  0.178E+02  0.107E+01  0.261E+00  0.179E+01  0.367E+00  0.824E-01  0.174E+00  0.450E+01  0.517E+01  0.000E+00  0.000E+00  0.000E+00  0.000E+00  0.000E+00  0.000E+00  0.000E+00  0.000E+00  0.149E+02
 1985   52      0  0.109E+00  0.120E+02  0.265E+00  0.551E-01  0.190E+01  0.122E+00  0.427E-01  0.545E-01  0.000E+00  0.912E+01  0.000E+00  0.000E+00  0.000E+00  0.000E+00  0.000E+00  0.000E+00  0.000E+00  0.000E+00  0.183E+02
 1985   53      0  0.122E+00  0.134E+02  0.543E-01  0.111E-01  0.191E+01  0.550E-01  0.202E-01  0.148E-01  0.577E-01  0.885E+01  0.000E+00  0.000E+00  0.000E+00  0.000E+00  0.000E+00  0.000E+00  0.000E+00  0.000E+00  0.195E+02
 1985   54      0  0.309E+01  0.614E+02  0.217E+02  0.518E+01  0.204E+00  0.247E+01  0.305E-01  0.901E+00  0.285E+03  0.901E-01  0.409E+01  0.000E+00  0.000E+00  0.000E+00  0.000E+00  0.000E+00  0.000E+00  0.000E+00  0.174E+02
 1985   55      0  0.887E+00  0.388E+02  0.494E+01  0.131E+01  0.684E+00  0.578E+00  0.594E-01  0.232E+00  0.000E+00  0.104E+02  0.232E-01  0.000E+00  0.000E+00  0.000E+00  0.000E+00  0.000E+00  0.000E+00  0.000E+00  0.117E+02
 1985   56      0  0.669E+00  0.293E+02  0.860E+00  0.226E+00  0.834E+00  0.145E+00  0.205E-01  0.508E-01  0.000E+00  0.103E+02  0.988E-04  0.000E+00  0.000E+00  0.000E+00  0.000E+00  0.000E+00  0.000E+00  0.000E+00  0.132E+02
 1985   57      0  0.524E+00  0.288E+02  0.137E+00  0.366E-01  0.826E+00  0.335E-01  0.536E-02  0.821E-02  0.000E+00  0.970E+01  0.000E+00  0.000E+00  0.000E+00  0.000E+00  0.000E+00  0.000E+00  0.000E+00  0.000E+00  0.159E+02
 1985   58      0  0.537E+00  0.294E+02  0.275E-01  0.748E-02  0.800E+00  0.138E-01  0.192E-02  0.209E-02  0.000E+00  0.106E+02  0.000E+00  0.000E+00  0.000E+00  0.000E+00  0.000E+00  0.000E+00  0.000E+00  0.000E+00  0.123E+02
 1985   59      0  0.862E+00  0.377E+02  0.369E+01  0.976E+00  0.598E+00  0.517E+00  0.214E-01  0.205E+00  0.323E+02  0.340E+00  0.138E+00  0.000E+00  0.000E+00  0.000E+00  0.000E+00  0.000E+00  0.000E+00  0.000E+00  0.112E+02
 1985   60      0  0.597E+00  0.327E+02  0.377E+00  0.102E+00  0.727E+00  0.813E-01  0.157E-01  0.310E-01  0.000E+00  0.929E+01  0.890E-04  0.000E+00  0.000E+00  0.000E+00  0.000E+00  0.000E+00  0.000E+00  0.000E+00  0.177E+02
 1985   61      0  0.476E+00  0.261E+02  0.527E-01  0.142E-01  0.721E+00  0.224E-01  0.436E-02  0.463E-02  0.000E+00  0.937E+01  0.000E+00  0.000E+00  0.000E+00  0.000E+00  0.000E+00  0.000E+00  0.000E+00  0.000E+00  0.176E+02
 1985   62      0  0.523E+00  0.286E+02  0.115E+00  0.280E-01  0.705E+00  0.392E-01  0.901E-02  0.115E-01  0.553E+00  0.837E+01  0.516E-02  0.000E+00  0.000E+00  0.000E+00  0.000E+00  0.000E+00  0.000E+00  0.000E+00  0.185E+02
 1985   63      0  0.591E+00  0.323E+02  0.646E+00  0.176E+00  0.642E+00  0.131E+00  0.208E-01  0.586E-01  0.442E+01  0.533E+01  0.503E-01  0.000E+00  0.000E+00  0.000E+00  0.000E+00  0.000E+00  0.000E+00  0.000E+00  0.151E+02
 1985   64      0  0.433E+00  0.238E+02  0.351E-01  0.100E-01  0.653E+00  0.160E-01  0.241E-02  0.388E-02  0.000E+00  0.106E+02  0.000E+00  0.000E+00  0.000E+00  0.000E+00  0.000E+00  0.000E+00  0.000E+00  0.000E+00  0.119E+02
 1985   65      0  0.457E+00  0.251E+02  0.360E-02  0.101E-02  0.646E+00  0.126E-01  0.225E-02  0.139E-02  0.000E+00  0.101E+02  0.000E+00  0.000E+00  0.000E+00  0.000E+00  0.000E+00  0.000E+00  0.000E+00  0.000E+00  0.141E+02
 1985   66      0  0.478E+00  0.262E+02  0.323E-01  0.778E-02  0.639E+00  0.212E-01  0.452E-02  0.403E-02  0.129E+00  0.942E+01  0.504E-03  0.000E+00  0.000E+00  0.000E+00  0.000E+00  0.000E+00  0.000E+00  0.000E+00  0.164E+02
 1985   67      0  0.456E+00  0.249E+02  0.187E-02  0.458E-03  0.628E+00  0.162E-01  0.401E-02  0.157E-02  0.000E+00  0.921E+01  0.000E+00  0.000E+00  0.000E+00  0.000E+00  0.000E+00  0.000E+00  0.000E+00  0.000E+00  0.184E+02
 1985   68      0  0.437E+00  0.239E+02  0.167E-03  0.410E-04  0.621E+00  0.178E-01  0.525E-02  0.147E-02  0.000E+00  0.878E+01  0.000E+00  0.000E+00  0.000E+00  0.000E+00  0.000E+00  0.000E+00  0.000E+00  0.000E+00  0.206E+02
 1985   69      0  0.411E+00  0.225E+02  0.188E-04  0.600E-05  0.613E+00  0.174E-01  0.493E-02  0.135E-02  0.000E+00  0.897E+01  0.000E+00  0.000E+00  0.000E+00  0.000E+00  0.000E+00  0.000E+00  0.000E+00  0.000E+00  0.196E+02
 1985   70      0  0.391E+00  0.214E+02  0.271E-05  0.207E-05  0.608E+00  0.187E-01  0.585E-02  0.151E-02  0.000E+00  0.874E+01  0.000E+00  0.000E+00  0.000E+00  0.000E+00  0.000E+00  0.000E+00  0.000E+00  0.000E+00  0.208E+02
 1985   71      0  0.374E+00  0.274E+02  0.823E-01  0.195E-01  0.597E+00  0.355E-01  0.812E-02  0.950E-02  0.349E+00  0.908E+01  0.239E-02  0.000E+00  0.000E+00  0.000E+00  0.000E+00  0.000E+00  0.000E+00  0.000E+00  0.165E+02
 1985   72      0  0.435E+00  0.238E+02  0.831E+00  0.213E+00  0.544E+00  0.224E+00  0.503E-01  0.101E+00  0.433E+01  0.446E+01  0.582E-01  0.000E+00  0.000E+00  0.000E+00  0.000E+00  0.000E+00  0.000E+00  0.000E+00  0.184E+02
 1985   73      0  0.127E+02  0.110E+03  0.121E+02  0.306E+01  0.504E-01  0.553E+00  0.183E-02  0.253E+00  0.271E+03  0.891E-01  0.650E+02  0.000E+00  0.000E+00  0.000E+00  0.000E+00  0.000E+00  0.000E+00  0.000E+00  0.121E+02
 1985   74      0  0.273E+01  0.597E+02  0.419E+01  0.118E+01  0.256E+00  0.325E+00  0.243E-01  0.168E+00  0.000E+00  0.104E+02  0.225E+00  0.000E+00  0.000E+00  0.000E+00  0.000E+00  0.000E+00  0.000E+00  0.000E+00  0.124E+02
 1985   75      0  0.175E+01  0.478E+02  0.114E+01  0.326E+00  0.409E+00  0.119E+00  0.110E-01  0.581E-01  0.162E+01  0.833E+01  0.161E-01  0.000E+00  0.000E+00  0.000E+00  0.000E+00  0.000E+00  0.000E+00  0.000E+00  0.134E+02
 1985   76      0  0.141E+01  0.441E+02  0.208E+00  0.592E-01  0.436E+00  0.289E-01  0.301E-02  0.116E-01  0.000E+00  0.101E+02  0.144E-03  0.000E+00  0.000E+00  0.000E+00  0.000E+00  0.000E+00  0.000E+00  0.000E+00  0.143E+02
 1985   77      0  0.132E+01  0.414E+02  0.419E-01  0.120E-01  0.431E+00  0.980E-02  0.120E-02  0.280E-02  0.000E+00  0.998E+01  0.000E+00  0.000E+00  0.000E+00  0.000E+00  0.000E+00  0.000E+00  0.000E+00  0.000E+00  0.148E+02
 1985   78      0  0.141E+01  0.442E+02  0.277E-01  0.746E-02  0.423E+00  0.897E-02  0.122E-02  0.204E-02  0.117E+00  0.956E+01  0.383E-03  0.000E+00  0.000E+00  0.000E+00  0.000E+00  0.000E+00  0.000E+00  0.000E+00  0.159E+02
 1985   79      0  0.165E+01  0.451E+02  0.167E+01  0.454E+00  0.367E+00  0.205E+00  0.187E-01  0.916E-01  0.114E+02  0.176E+01  0.687E-01  0.000E+00  0.000E+00  0.000E+00  0.000E+00  0.000E+00  0.000E+00  0.000E+00  0.169E+02
 1985   80      0  0.140E+01  0.437E+02  0.206E+00  0.592E-01  0.392E+00  0.276E-01  0.264E-02  0.105E-01  0.000E+00  0.103E+02  0.329E-03  0.000E+00  0.000E+00  0.000E+00  0.000E+00  0.000E+00  0.000E+00  0.000E+00  0.134E+02
 1985   81      0  0.123E+01  0.386E+02  0.347E-01  0.993E-02  0.389E+00  0.935E-02  0.109E-02  0.218E-02  0.000E+00  0.100E+02  0.000E+00  0.000E+00  0.000E+00  0.000E+00  0.000E+00  0.000E+00  0.000E+00  0.000E+00  0.146E+02
 1985   82      0  0.114E+01  0.416E+02  0.660E-02  0.187E-02  0.383E+00  0.719E-02  0.104E-02  0.846E-03  0.000E+00  0.960E+01  0.000E+00  0.000E+00  0.000E+00  0.000E+00  0.000E+00  0.000E+00  0.000E+00  0.000E+00  0.165E+02
 1985   83      0  0.108E+01  0.396E+02  0.135E-02  0.376E-03  0.377E+00  0.745E-02  0.129E-02  0.640E-03  0.000E+00  0.925E+01  0.000E+00  0.000E+00  0.000E+00  0.000E+00  0.000E+00  0.000E+00  0.000E+00  0.000E+00  0.182E+02
 1985   84      0  0.104E+01  0.378E+02  0.288E-03  0.803E-04  0.371E+00  0.790E-02  0.150E-02  0.595E-03  0.000E+00  0.909E+01  0.000E+00  0.000E+00  0.000E+00  0.000E+00  0.000E+00  0.000E+00  0.000E+00  0.000E+00  0.190E+02
 1985   85      0  0.112E+01  0.408E+02  0.129E+00  0.329E-01  0.371E+00  0.283E-01  0.505E-02  0.928E-02  0.889E+00  0.782E+01  0.825E-02  0.000E+00  0.000E+00  0.000E+00  0.000E+00  0.000E+00  0.000E+00  0.000E+00  0.191E+02
 1985   86      0  0.106E+01  0.388E+02  0.156E-01  0.399E-02  0.358E+00  0.123E-01  0.281E-02  0.205E-02  0.000E+00  0.863E+01  0.000E+00  0.000E+00  0.000E+00  0.000E+00  0.000E+00  0.000E+00  0.000E+00  0.000E+00  0.215E+02
 1985   87      0  0.884E+00  0.387E+02  0.116E-02  0.299E-03  0.351E+00  0.110E-01  0.284E-02  0.106E-02  0.000E+00  0.832E+01  0.000E+00  0.000E+00  0.000E+00  0.000E+00  0.000E+00  0.000E+00  0.000E+00  0.000E+00  0.232E+02
 1985   88      0  0.973E+00  0.355E+02  0.144E-03  0.376E-04  0.347E+00  0.106E-01  0.280E-02  0.820E-03  0.223E-05  0.841E+01  0.000E+00  0.000E+00  0.000E+00  0.000E+00  0.000E+00  0.000E+00  0.000E+00  0.000E+00  0.227E+02
 1985   89      0  0.957E+00  0.349E+02  0.574E-01  0.147E-01  0.341E+00  0.163E-01  0.254E-02  0.448E-02  0.372E+00  0.929E+01  0.262E-02  0.000E+00  0.000E+00  0.000E+00  0.000E+00  0.000E+00  0.000E+00  0.000E+00  0.156E+02
 1985   90      0  0.829E+00  0.363E+02  0.358E-02  0.971E-03  0.333E+00  0.769E-02  0.107E-02  0.823E-03  0.000E+00  0.102E+02  0.000E+00  0.000E+00  0.000E+00  0.000E+00  0.000E+00  0.000E+00  0.000E+00  0.000E+00  0.138E+02
 1985   91      0  0.795E+00  0.348E+02  0.331E-03  0.905E-04  0.328E+00  0.852E-02  0.141E-02  0.672E-03  0.000E+00  0.970E+01  0.000E+00  0.000E+00  0.000E+00  0.000E+00  0.000E+00  0.000E+00  0.000E+00  0.000E+00  0.161E+02
 1985   92      0  0.744E+00  0.326E+02  0.357E-04  0.106E-04  0.324E+00  0.902E-02  0.161E-02  0.362E-03  0.000E+00  0.958E+01  0.000E+00  0.000E+00  0.000E+00  0.000E+00  0.000E+00  0.000E+00  0.000E+00  0.000E+00  0.166E+02
 1985   93      0  0.673E+00  0.295E+02  0.429E-05  0.202E-05  0.319E+00  0.112E-01  0.264E-02  0.448E-03  0.000E+00  0.887E+01  0.000E+00  0.000E+00  0.000E+00  0.000E+00  0.000E+00  0.000E+00  0.000E+00  0.000E+00  0.202E+02
 1985   94      0  0.597E+00  0.328E+02  0.000E+00  0.000E+00  0.314E+00  0.119E-01  0.258E-02  0.469E-03  0.000E+00  0.888E+01  0.000E+00  0.000E+00  0.000E+00  0.000E+00  0.000E+00  0.000E+00  0.000E+00  0.000E+00  0.201E+02
 1985   95      0  0.623E+00  0.342E+02  0.000E+00  0.000E+00  0.311E+00  0.104E-01  0.203E-02  0.411E-03  0.000E+00  0.941E+01  0.000E+00  0.000E+00  0.000E+00  0.000E+00  0.000E+00  0.000E+00  0.000E+00  0.000E+00  0.174E+02
 1985   96      0  0.605E+00  0.332E+02  0.000E+00  0.000E+00  0.307E+00  0.111E-01  0.211E-02  0.434E-03  0.000E+00  0.936E+01  0.000E+00  0.000E+00  0.000E+00  0.000E+00  0.000E+00  0.000E+00  0.000E+00  0.000E+00  0.177E+02
 1985   97      0  0.696E+00  0.305E+02  0.000E+00  0.127E-05  0.305E+00  0.104E-01  0.200E-02  0.402E-03  0.000E+00  0.961E+01  0.000E+00  0.000E+00  0.000E+00  0.000E+00  0.000E+00  0.000E+00  0.000E+00  0.000E+00  0.165E+02
 1985   98      0  0.678E+00  0.297E+02  0.453E-01  0.114E-01  0.310E+00  0.166E-01  0.264E-02  0.399E-02  0.238E+00  0.984E+01  0.127E-02  0.000E+00  0.000E+00  0.000E+00  0.000E+00  0.000E+00  0.000E+00  0.000E+00  0.140E+02
 1985   99      0  0.586E+00  0.321E+02  0.262E-02  0.682E-03  0.297E+00  0.117E-01  0.214E-02  0.114E-02  0.000E+00  0.964E+01  0.000E+00  0.000E+00  0.000E+00  0.000E+00  0.000E+00  0.000E+00  0.000E+00  0.000E+00  0.163E+02
 1985  100      0  0.622E+00  0.340E+02  0.257E-03  0.684E-04  0.295E+00  0.117E-01  0.224E-02  0.873E-03  0.000E+00  0.958E+01  0.000E+00  0.000E+00  0.000E+00  0.000E+00  0.000E+00  0.000E+00  0.000E+00  0.000E+00  0.166E+02
 1985  101      0  0.598E+00  0.327E+02  0.190E-01  0.462E-02  0.295E+00  0.169E-01  0.366E-02  0.277E-02  0.679E-01  0.910E+01  0.216E-03  0.000E+00  0.000E+00  0.000E+00  0.000E+00  0.000E+00  0.000E+00  0.000E+00  0.184E+02
 1985  102      0  0.545E+00  0.299E+02  0.112E-02  0.282E-03  0.288E+00  0.139E-01  0.317E-02  0.125E-02  0.000E+00  0.919E+01  0.000E+00  0.000E+00  0.000E+00  0.000E+00  0.000E+00  0.000E+00  0.000E+00  0.000E+00  0.185E+02
 1985  103      0  0.593E+00  0.325E+02  0.925E+00  0.245E+00  0.274E+00  0.196E+00  0.363E-01  0.901E-01  0.651E+01  0.296E+01  0.851E-01  0.000E+00  0.000E+00  0.000E+00  0.000E+00  0.000E+00  0.000E+00  0.000E+00  0.194E+02
 1985  104      0  0.464E+00  0.254E+02  0.551E-01  0.149E-01  0.273E+00  0.266E-01  0.657E-02  0.763E-02  0.000E+00  0.894E+01  0.000E+00  0.000E+00  0.000E+00  0.000E+00  0.000E+00  0.000E+00  0.000E+00  0.000E+00  0.197E+02
 1985  105      0  0.404E+00  0.222E+02  0.463E-02  0.124E-02  0.271E+00  0.187E-01  0.585E-02  0.253E-02  0.000E+00  0.842E+01  0.000E+00  0.000E+00  0.000E+00  0.000E+00  0.000E+00  0.000E+00  0.000E+00  0.000E+00  0.226E+02
 1985  106      0  0.365E+00  0.268E+02  0.527E-03  0.152E-03  0.267E+00  0.175E-01  0.468E-02  0.173E-02  0.000E+00  0.871E+01  0.000E+00  0.000E+00  0.000E+00  0.000E+00  0.000E+00  0.000E+00  0.000E+00  0.000E+00  0.210E+02
 1985  107      0  0.358E+00  0.262E+02  0.668E-04  0.207E-04  0.265E+00  0.182E-01  0.473E-02  0.147E-02  0.000E+00  0.873E+01  0.000E+00  0.000E+00  0.000E+00  0.000E+00  0.000E+00  0.000E+00  0.000E+00  0.000E+00  0.209E+02
 1985  108      0  0.335E+00  0.246E+02  0.919E-05  0.399E-05  0.263E+00  0.187E-01  0.503E-02  0.118E-02  0.000E+00  0.872E+01  0.000E+00  0.000E+00  0.000E+00  0.000E+00  0.000E+00  0.000E+00  0.000E+00  0.000E+00  0.209E+02
 1985  109      0  0.441E+00  0.242E+02  0.000E+00  0.198E-05  0.265E+00  0.170E-01  0.469E-02  0.984E-03  0.000E+00  0.895E+01  0.000E+00  0.000E+00  0.000E+00  0.000E+00  0.000E+00  0.000E+00  0.000E+00  0.000E+00  0.197E+02
 1985  110      0  0.546E+00  0.299E+02  0.525E+00  0.137E+00  0.215E+00  0.132E+00  0.339E-01  0.735E-01  0.357E+01  0.410E+01  0.530E-01  0.000E+00  0.000E+00  0.000E+00  0.000E+00  0.000E+00  0.000E+00  0.000E+00  0.227E+02
 1985  111      0  0.435E+00  0.239E+02  0.355E-01  0.918E-02  0.243E+00  0.278E-01  0.865E-02  0.790E-02  0.000E+00  0.855E+01  0.000E+00  0.000E+00  0.000E+00  0.000E+00  0.000E+00  0.000E+00  0.000E+00  0.000E+00  0.218E+02
 1985  112      0  0.532E+00  0.292E+02  0.538E+00  0.138E+00  0.101E+01  0.139E+00  0.370E-01  0.748E-01  0.337E+01  0.414E+01  0.539E-01  0.000E+00  0.000E+00  0.000E+00  0.000E+00  0.000E+00  0.000E+00  0.000E+00  0.232E+02
 1985  113      0  0.467E+00  0.256E+02  0.403E-01  0.105E-01  0.362E+00  0.295E-01  0.938E-02  0.837E-02  0.000E+00  0.844E+01  0.000E+00  0.000E+00  0.000E+00  0.000E+00  0.000E+00  0.000E+00  0.000E+00  0.000E+00  0.224E+02
 1985  114      0  0.291E+00  0.213E+02  0.280E-02  0.779E-03  0.239E+00  0.193E-01  0.494E-02  0.246E-02  0.000E+00  0.894E+01  0.000E+00  0.000E+00  0.000E+00  0.000E+00  0.000E+00  0.000E+00  0.000E+00  0.000E+00  0.197E+02
 1985  115      0  0.382E+00  0.279E+02  0.410E-03  0.113E-03  0.265E+00  0.190E-01  0.526E-02  0.187E-02  0.128E-04  0.888E+01  0.000E+00  0.000E+00  0.000E+00  0.000E+00  0.000E+00  0.000E+00  0.000E+00  0.000E+00  0.201E+02
 1985  116      0  0.423E+00  0.232E+02  0.126E-01  0.289E-02  0.129E+01  0.220E-01  0.649E-02  0.391E-02  0.455E-01  0.875E+01  0.512E-03  0.000E+00  0.000E+00  0.000E+00  0.000E+00  0.000E+00  0.000E+00  0.000E+00  0.204E+02
 1985  117      0  0.391E+00  0.214E+02  0.673E-03  0.156E-03  0.317E+00  0.217E-01  0.778E-02  0.245E-02  0.000E+00  0.836E+01  0.000E+00  0.000E+00  0.000E+00  0.000E+00  0.000E+00  0.000E+00  0.000E+00  0.000E+00  0.229E+02
 1985  118      0  0.459E+00  0.252E+02  0.194E+00  0.482E-01  0.171E+01  0.617E-01  0.179E-01  0.338E-01  0.117E+01  0.661E+01  0.178E-01  0.000E+00  0.000E+00  0.000E+00  0.000E+00  0.000E+00  0.000E+00  0.000E+00  0.227E+02
 1985  119      0  0.465E+00  0.255E+02  0.110E+00  0.275E-01  0.209E+01  0.404E-01  0.113E-01  0.195E-01  0.000E+00  0.861E+01  0.723E-02  0.000E+00  0.000E+00  0.000E+00  0.000E+00  0.000E+00  0.000E+00  0.000E+00  0.214E+02
 1985  120      0  0.377E+00  0.276E+02  0.586E-02  0.157E-02  0.424E+00  0.232E-01  0.790E-02  0.421E-02  0.000E+00  0.831E+01  0.000E+00  0.000E+00  0.000E+00  0.000E+00  0.000E+00  0.000E+00  0.000E+00  0.000E+00  0.232E+02
 1985  121      0  0.203E+00  0.150E+02  0.332E-03  0.999E-04  0.300E+00  0.213E-01  0.652E-02  0.280E-02  0.000E+00  0.867E+01  0.000E+00  0.000E+00  0.000E+00  0.000E+00  0.000E+00  0.000E+00  0.000E+00  0.000E+00  0.212E+02
 1985  122      0  0.269E+00  0.197E+02  0.513E-04  0.165E-04  0.314E+00  0.211E-01  0.606E-02  0.214E-02  0.000E+00  0.881E+01  0.000E+00  0.000E+00  0.000E+00  0.000E+00  0.000E+00  0.000E+00  0.000E+00  0.000E+00  0.204E+02
 1985  123      0  0.262E+00  0.192E+02  0.711E-05  0.363E-05  0.315E+00  0.213E-01  0.613E-02  0.189E-02  0.000E+00  0.888E+01  0.000E+00  0.000E+00  0.000E+00  0.000E+00  0.000E+00  0.000E+00  0.000E+00  0.000E+00  0.200E+02
 1985  124      0  0.231E+00  0.170E+02  0.000E+00  0.191E-05  0.313E+00  0.216E-01  0.639E-02  0.163E-02  0.000E+00  0.892E+01  0.000E+00  0.000E+00  0.000E+00  0.000E+00  0.000E+00  0.000E+00  0.000E+00  0.000E+00  0.198E+02
 1985  125      0  0.205E+00  0.150E+02  0.000E+00  0.160E-05  0.313E+00  0.236E-01  0.795E-02  0.196E-02  0.000E+00  0.862E+01  0.000E+00  0.000E+00  0.000E+00  0.000E+00  0.000E+00  0.000E+00  0.000E+00  0.000E+00  0.215E+02
 1985  126      0  0.168E+00  0.186E+02  0.000E+00  0.164E-05  0.304E+00  0.265E-01  0.823E-02  0.280E-02  0.000E+00  0.858E+01  0.000E+00  0.000E+00  0.000E+00  0.000E+00  0.000E+00  0.000E+00  0.000E+00  0.000E+00  0.217E+02
 1985  127      0  0.955E-01  0.107E+02  0.000E+00  0.164E-05  0.289E+00  0.330E-01  0.118E-01  0.413E-02  0.000E+00  0.832E+01  0.000E+00  0.000E+00  0.000E+00  0.000E+00  0.000E+00  0.000E+00  0.000E+00  0.000E+00  0.231E+02
 1985  128      0  0.329E+00  0.241E+02  0.109E+00  0.324E-01  0.142E+02  0.449E-01  0.146E-01  0.153E-01  0.243E+00  0.782E+01  0.296E+00  0.000E+00  0.000E+00  0.000E+00  0.000E+00  0.000E+00  0.000E+00  0.000E+00  0.235E+02
 1985  129      0  0.261E+00  0.191E+02  0.913E-02  0.288E-02  0.169E+01  0.278E-01  0.965E-02  0.520E-02  0.000E+00  0.846E+01  0.000E+00  0.000E+00  0.000E+00  0.000E+00  0.000E+00  0.000E+00  0.000E+00  0.000E+00  0.223E+02
 1985  130      0  0.109E+00  0.121E+02  0.497E-03  0.144E-03  0.393E+00  0.340E-01  0.127E-01  0.509E-02  0.000E+00  0.819E+01  0.000E+00  0.000E+00  0.000E+00  0.000E+00  0.000E+00  0.000E+00  0.000E+00  0.000E+00  0.239E+02
 1985  131      0  0.235E+00  0.172E+02  0.807E-04  0.246E-04  0.352E+00  0.290E-01  0.121E-01  0.342E-02  0.000E+00  0.809E+01  0.000E+00  0.000E+00  0.000E+00  0.000E+00  0.000E+00  0.000E+00  0.000E+00  0.000E+00  0.245E+02
 1985  132      0  0.879E-01  0.984E+01  0.928E-05  0.519E-05  0.299E+00  0.379E-01  0.148E-01  0.515E-02  0.000E+00  0.806E+01  0.000E+00  0.000E+00  0.000E+00  0.000E+00  0.000E+00  0.000E+00  0.000E+00  0.000E+00  0.246E+02
 1985  133      0  0.312E+00  0.228E+02  0.126E-01  0.528E-02  0.273E+00  0.297E-01  0.110E-01  0.124E-01  0.180E+00  0.786E+01  0.101E-02  0.000E+00  0.000E+00  0.000E+00  0.000E+00  0.000E+00  0.000E+00  0.000E+00  0.240E+02
 1985  134      0  0.317E+00  0.232E+02  0.177E-01  0.658E-02  0.252E+00  0.276E-01  0.826E-02  0.117E-01  0.202E-01  0.875E+01  0.780E-03  0.000E+00  0.000E+00  0.000E+00  0.000E+00  0.000E+00  0.000E+00  0.000E+00  0.205E+02
 1985  135      0  0.177E+00  0.196E+02  0.879E-03  0.357E-03  0.270E+00  0.284E-01  0.884E-02  0.460E-02  0.000E+00  0.866E+01  0.000E+00  0.000E+00  0.000E+00  0.000E+00  0.000E+00  0.000E+00  0.000E+00  0.000E+00  0.212E+02
 1985  136      0  0.117E+00  0.130E+02  0.709E-04  0.331E-04  0.266E+00  0.362E-01  0.147E-01  0.568E-02  0.000E+00  0.799E+01  0.000E+00  0.000E+00  0.000E+00  0.000E+00  0.000E+00  0.000E+00  0.000E+00  0.000E+00  0.250E+02
 1985  137      0  0.846E-01  0.946E+01  0.103E-04  0.664E-05  0.257E+00  0.347E-01  0.116E-01  0.449E-02  0.000E+00  0.867E+01  0.000E+00  0.000E+00  0.000E+00  0.000E+00  0.000E+00  0.000E+00  0.000E+00  0.000E+00  0.211E+02
 1985  138      0  0.105E+00  0.116E+02  0.214E-05  0.271E-05  0.262E+00  0.321E-01  0.102E-01  0.365E-02  0.000E+00  0.889E+01  0.000E+00  0.000E+00  0.000E+00  0.000E+00  0.000E+00  0.000E+00  0.000E+00  0.000E+00  0.200E+02
 1985  139      0  0.537E-01  0.122E+02  0.000E+00  0.200E-05  0.262E+00  0.389E-01  0.132E-01  0.525E-02  0.000E+00  0.874E+01  0.000E+00  0.000E+00  0.000E+00  0.000E+00  0.000E+00  0.000E+00  0.000E+00  0.000E+00  0.207E+02
 1985  140      0  0.121E+00  0.133E+02  0.000E+00  0.215E-05  0.275E+00  0.334E-01  0.110E-01  0.371E-02  0.000E+00  0.873E+01  0.000E+00  0.000E+00  0.000E+00  0.000E+00  0.000E+00  0.000E+00  0.000E+00  0.000E+00  0.208E+02
 1985  141      0  0.175E+00  0.192E+02  0.000E+00  0.231E-05  0.302E+00  0.342E-01  0.125E-01  0.340E-02  0.000E+00  0.847E+01  0.000E+00  0.000E+00  0.000E+00  0.000E+00  0.000E+00  0.000E+00  0.000E+00  0.000E+00  0.222E+02
 1985  142      0  0.149E+00  0.163E+02  0.000E+00  0.231E-05  0.298E+00  0.366E-01  0.134E-01  0.382E-02  0.000E+00  0.844E+01  0.000E+00  0.000E+00  0.000E+00  0.000E+00  0.000E+00  0.000E+00  0.000E+00  0.000E+00  0.224E+02
 1985  143      0  0.137E+00  0.151E+02  0.000E+00  0.227E-05  0.300E+00  0.374E-01  0.142E-01  0.413E-02  0.000E+00  0.840E+01  0.000E+00  0.000E+00  0.000E+00  0.000E+00  0.000E+00  0.000E+00  0.000E+00  0.000E+00  0.226E+02
 1985  144      0  0.760E-01  0.847E+01  0.000E+00  0.199E-05  0.283E+00  0.401E-01  0.156E-01  0.562E-02  0.000E+00  0.844E+01  0.000E+00  0.000E+00  0.000E+00  0.000E+00  0.000E+00  0.000E+00  0.000E+00  0.000E+00  0.224E+02
 1985  145      0  0.191E-02  0.866E+00  0.000E+00  0.142E-05  0.341E+00  0.820E-01  0.426E-01  0.195E-01  0.000E+00  0.808E+01  0.000E+00  0.000E+00  0.000E+00  0.000E+00  0.000E+00  0.000E+00  0.000E+00  0.000E+00  0.242E+02
 1985  146      0  0.146E-01  0.361E+01  0.000E+00  0.176E-05  0.313E+00  0.704E-01  0.307E-01  0.136E-01  0.000E+00  0.790E+01  0.000E+00  0.000E+00  0.000E+00  0.000E+00  0.000E+00  0.000E+00  0.000E+00  0.000E+00  0.253E+02
 1985  147      0  0.439E-01  0.994E+01  0.000E+00  0.171E-05  0.310E+00  0.541E-01  0.230E-01  0.979E-02  0.000E+00  0.781E+01  0.000E+00  0.000E+00  0.000E+00  0.000E+00  0.000E+00  0.000E+00  0.000E+00  0.000E+00  0.260E+02
 1985  148      0  0.000E+00  0.000E+00  0.000E+00  0.000E+00  0.000E+00  0.000E+00  0.000E+00  0.000E+00  0.000E+00  0.000E+00  0.000E+00  0.000E+00  0.000E+00  0.000E+00  0.000E+00  0.000E+00  0.000E+00  0.000E+00  0.000E+00
 1985  149      0  0.000E+00  0.000E+00  0.000E+00  0.000E+00  0.000E+00  0.000E+00  0.000E+00  0.000E+00  0.000E+00  0.000E+00  0.000E+00  0.000E+00  0.000E+00  0.000E+00  0.000E+00  0.000E+00  0.000E+00  0.000E+00  0.000E+00
 1985  150      0  0.000E+00  0.000E+00  0.000E+00  0.000E+00  0.000E+00  0.000E+00  0.000E+00  0.000E+00  0.000E+00  0.000E+00  0.000E+00  0.000E+00  0.000E+00  0.000E+00  0.000E+00  0.000E+00  0.000E+00  0.000E+00  0.000E+00
 1985  151      0  0.000E+00  0.000E+00  0.000E+00  0.000E+00  0.000E+00  0.000E+00  0.000E+00  0.000E+00  0.000E+00  0.000E+00  0.000E+00  0.000E+00  0.000E+00  0.000E+00  0.000E+00  0.000E+00  0.000E+00  0.000E+00  0.000E+00
 1985  152      0  0.000E+00  0.000E+00  0.000E+00  0.000E+00  0.000E+00  0.000E+00  0.000E+00  0.000E+00  0.000E+00  0.000E+00  0.000E+00  0.000E+00  0.000E+00  0.000E+00  0.000E+00  0.000E+00  0.000E+00  0.000E+00  0.000E+00
 1985  153      0  0.000E+00  0.000E+00  0.000E+00  0.000E+00  0.000E+00  0.000E+00  0.000E+00  0.000E+00  0.000E+00  0.000E+00  0.000E+00  0.000E+00  0.000E+00  0.000E+00  0.000E+00  0.000E+00  0.000E+00  0.000E+00  0.000E+00
 1985  154      0  0.000E+00  0.000E+00  0.000E+00  0.000E+00  0.000E+00  0.000E+00  0.000E+00  0.000E+00  0.000E+00  0.000E+00  0.000E+00  0.000E+00  0.000E+00  0.000E+00  0.000E+00  0.000E+00  0.000E+00  0.000E+00  0.000E+00
 1985  155      0  0.000E+00  0.000E+00  0.000E+00  0.000E+00  0.000E+00  0.000E+00  0.000E+00  0.000E+00  0.000E+00  0.000E+00  0.000E+00  0.000E+00  0.000E+00  0.000E+00  0.000E+00  0.000E+00  0.000E+00  0.000E+00  0.000E+00
 1985  156      0  0.356E-01  0.802E+01  0.111E-05  0.215E-05  0.339E+00  0.675E-01  0.291E-01  0.126E-01  0.000E+00  0.782E+01  0.000E+00  0.000E+00  0.000E+00  0.000E+00  0.000E+00  0.000E+00  0.000E+00  0.000E+00  0.258E+02
 1985  157      0  0.506E+00  0.277E+02  0.562E-01  0.200E-01  0.920E-01  0.306E-01  0.978E-02  0.294E-01  0.124E+01  0.612E+01  0.561E-02  0.000E+00  0.000E+00  0.000E+00  0.000E+00  0.000E+00  0.000E+00  0.000E+00  0.248E+02
 1985  158      0  0.654E-01  0.739E+01  0.302E-02  0.125E-02  0.180E+00  0.408E-01  0.191E-01  0.114E-01  0.000E+00  0.792E+01  0.000E+00  0.000E+00  0.000E+00  0.000E+00  0.000E+00  0.000E+00  0.000E+00  0.000E+00  0.254E+02
 1985  159      0  0.570E-01  0.129E+02  0.272E-03  0.114E-03  0.208E+00  0.449E-01  0.232E-01  0.110E-01  0.000E+00  0.757E+01  0.000E+00  0.000E+00  0.000E+00  0.000E+00  0.000E+00  0.000E+00  0.000E+00  0.000E+00  0.276E+02
 1985  160      0  0.000E+00  0.000E+00  0.000E+00  0.000E+00  0.000E+00  0.000E+00  0.000E+00  0.000E+00  0.000E+00  0.000E+00  0.000E+00  0.000E+00  0.000E+00  0.000E+00  0.000E+00  0.000E+00  0.000E+00  0.000E+00  0.000E+00
 1985  161      0  0.245E-01  0.580E+01  0.564E-05  0.389E-05  0.228E+00  0.665E-01  0.304E-01  0.130E-01  0.000E+00  0.762E+01  0.000E+00  0.000E+00  0.000E+00  0.000E+00  0.000E+00  0.000E+00  0.000E+00  0.000E+00  0.271E+02
 1985  162      0  0.000E+00  0.000E+00  0.000E+00  0.000E+00  0.000E+00  0.000E+00  0.000E+00  0.000E+00  0.000E+00  0.000E+00  0.000E+00  0.000E+00  0.000E+00  0.000E+00  0.000E+00  0.000E+00  0.000E+00  0.000E+00  0.000E+00
 1985  163      0  0.770E-02  0.211E+01  0.000E+00  0.156E-05  0.250E+00  0.763E-01  0.361E-01  0.157E-01  0.000E+00  0.810E+01  0.000E+00  0.000E+00  0.000E+00  0.000E+00  0.000E+00  0.000E+00  0.000E+00  0.000E+00  0.241E+02
 1985  164      0  0.244E-01  0.570E+01  0.000E+00  0.185E-05  0.221E+00  0.622E-01  0.240E-01  0.104E-01  0.000E+00  0.833E+01  0.000E+00  0.000E+00  0.000E+00  0.000E+00  0.000E+00  0.000E+00  0.000E+00  0.000E+00  0.228E+02
 1985  165      0  0.237E-01  0.552E+01  0.000E+00  0.170E-05  0.238E+00  0.661E-01  0.281E-01  0.123E-01  0.000E+00  0.803E+01  0.000E+00  0.000E+00  0.000E+00  0.000E+00  0.000E+00  0.000E+00  0.000E+00  0.000E+00  0.246E+02
 1985  166      0  0.000E+00  0.000E+00  0.000E+00  0.000E+00  0.000E+00  0.000E+00  0.000E+00  0.000E+00  0.000E+00  0.000E+00  0.000E+00  0.000E+00  0.000E+00  0.000E+00  0.000E+00  0.000E+00  0.000E+00  0.000E+00  0.000E+00
 1985  167      0  0.000E+00  0.000E+00  0.000E+00  0.000E+00  0.000E+00  0.000E+00  0.000E+00  0.000E+00  0.000E+00  0.000E+00  0.000E+00  0.000E+00  0.000E+00  0.000E+00  0.000E+00  0.000E+00  0.000E+00  0.000E+00  0.000E+00
 1985  168      0  0.000E+00  0.000E+00  0.000E+00  0.000E+00  0.000E+00  0.000E+00  0.000E+00  0.000E+00  0.000E+00  0.000E+00  0.000E+00  0.000E+00  0.000E+00  0.000E+00  0.000E+00  0.000E+00  0.000E+00  0.000E+00  0.000E+00
 1985  169      0  0.264E+00  0.193E+02  0.413E-01  0.131E-01  0.135E+00  0.407E-01  0.162E-01  0.318E-01  0.492E+00  0.724E+01  0.373E-03  0.000E+00  0.000E+00  0.000E+00  0.000E+00  0.000E+00  0.000E+00  0.000E+00  0.245E+02
 1985  170      0  0.227E-01  0.536E+01  0.188E-02  0.776E-03  0.201E+00  0.650E-01  0.266E-01  0.156E-01  0.000E+00  0.808E+01  0.000E+00  0.000E+00  0.000E+00  0.000E+00  0.000E+00  0.000E+00  0.000E+00  0.000E+00  0.243E+02
 1985  171      0  0.110E+00  0.121E+02  0.214E-03  0.793E-04  0.192E+00  0.393E-01  0.176E-01  0.738E-02  0.000E+00  0.825E+01  0.000E+00  0.000E+00  0.000E+00  0.000E+00  0.000E+00  0.000E+00  0.000E+00  0.000E+00  0.235E+02
 1985  172      0  0.110E+00  0.122E+02  0.631E-02  0.259E-02  0.187E+00  0.417E-01  0.187E-01  0.154E-01  0.232E-01  0.816E+01  0.000E+00  0.000E+00  0.000E+00  0.000E+00  0.000E+00  0.000E+00  0.000E+00  0.000E+00  0.237E+02
 1985  173      0  0.114E+00  0.126E+02  0.980E-02  0.384E-02  0.171E+00  0.425E-01  0.193E-01  0.183E-01  0.231E-01  0.804E+01  0.000E+00  0.000E+00  0.000E+00  0.000E+00  0.000E+00  0.000E+00  0.000E+00  0.000E+00  0.244E+02
 1985  174      0  0.294E+00  0.215E+02  0.390E-01  0.122E-01  0.113E+00  0.399E-01  0.157E-01  0.293E-01  0.387E+00  0.737E+01  0.111E-02  0.000E+00  0.000E+00  0.000E+00  0.000E+00  0.000E+00  0.000E+00  0.000E+00  0.248E+02
 1985  175      0  0.425E-01  0.970E+01  0.140E-02  0.551E-03  0.158E+00  0.516E-01  0.226E-01  0.126E-01  0.000E+00  0.791E+01  0.000E+00  0.000E+00  0.000E+00  0.000E+00  0.000E+00  0.000E+00  0.000E+00  0.000E+00  0.254E+02
 1985  176      0  0.733E-02  0.206E+01  0.125E-03  0.499E-04  0.216E+00  0.774E-01  0.405E-01  0.198E-01  0.000E+00  0.770E+01  0.000E+00  0.000E+00  0.000E+00  0.000E+00  0.000E+00  0.000E+00  0.000E+00  0.000E+00  0.265E+02
 1985  177      0  0.152E-01  0.372E+01  0.166E-04  0.855E-05  0.199E+00  0.722E-01  0.347E-01  0.160E-01  0.000E+00  0.773E+01  0.000E+00  0.000E+00  0.000E+00  0.000E+00  0.000E+00  0.000E+00  0.000E+00  0.000E+00  0.263E+02
 1985  178      0  0.898E-01  0.993E+01  0.101E-03  0.169E-04  0.155E+00  0.409E-01  0.189E-01  0.895E-02  0.487E-04  0.813E+01  0.000E+00  0.000E+00  0.000E+00  0.000E+00  0.000E+00  0.000E+00  0.000E+00  0.000E+00  0.241E+02
 1985  179      0  0.639E-02  0.179E+01  0.141E-05  0.153E-05  0.214E+00  0.792E-01  0.394E-01  0.188E-01  0.000E+00  0.808E+01  0.000E+00  0.000E+00  0.000E+00  0.000E+00  0.000E+00  0.000E+00  0.000E+00  0.000E+00  0.242E+02
 1985  180      0  0.628E-02  0.175E+01  0.000E+00  0.148E-05  0.214E+00  0.801E-01  0.396E-01  0.179E-01  0.000E+00  0.819E+01  0.000E+00  0.000E+00  0.000E+00  0.000E+00  0.000E+00  0.000E+00  0.000E+00  0.000E+00  0.235E+02
 1985  181      0  0.000E+00  0.000E+00  0.000E+00  0.000E+00  0.000E+00  0.000E+00  0.000E+00  0.000E+00  0.000E+00  0.000E+00  0.000E+00  0.000E+00  0.000E+00  0.000E+00  0.000E+00  0.000E+00  0.000E+00  0.000E+00  0.000E+00
 1985  182      0  0.000E+00  0.000E+00  0.000E+00  0.000E+00  0.000E+00  0.000E+00  0.000E+00  0.000E+00  0.000E+00  0.000E+00  0.000E+00  0.000E+00  0.000E+00  0.000E+00  0.000E+00  0.000E+00  0.000E+00  0.000E+00  0.000E+00
 1985  183      0  0.135E+00  0.148E+02  0.139E-01  0.463E-02  0.172E+00  0.479E-01  0.254E-01  0.251E-01  0.899E-01  0.747E+01  0.000E+00  0.000E+00  0.000E+00  0.000E+00  0.000E+00  0.000E+00  0.000E+00  0.000E+00  0.271E+02
 1985  184      0  0.296E+00  0.216E+02  0.361E-01  0.118E-01  0.957E-01  0.395E-01  0.153E-01  0.301E-01  0.292E+00  0.765E+01  0.996E-03  0.000E+00  0.000E+00  0.000E+00  0.000E+00  0.000E+00  0.000E+00  0.000E+00  0.240E+02
 1985  185      0  0.117E+00  0.129E+02  0.172E-02  0.604E-03  0.130E+00  0.398E-01  0.194E-01  0.103E-01  0.000E+00  0.791E+01  0.000E+00  0.000E+00  0.000E+00  0.000E+00  0.000E+00  0.000E+00  0.000E+00  0.000E+00  0.255E+02
 1985  186      0  0.128E-01  0.319E+01  0.124E-03  0.537E-04  0.182E+00  0.741E-01  0.364E-01  0.181E-01  0.000E+00  0.776E+01  0.000E+00  0.000E+00  0.000E+00  0.000E+00  0.000E+00  0.000E+00  0.000E+00  0.000E+00  0.262E+02
 1985  187      0  0.000E+00  0.000E+00  0.000E+00  0.000E+00  0.000E+00  0.000E+00  0.000E+00  0.000E+00  0.000E+00  0.000E+00  0.000E+00  0.000E+00  0.000E+00  0.000E+00  0.000E+00  0.000E+00  0.000E+00  0.000E+00  0.000E+00
 1985  188      0  0.000E+00  0.000E+00  0.000E+00  0.000E+00  0.000E+00  0.000E+00  0.000E+00  0.000E+00  0.000E+00  0.000E+00  0.000E+00  0.000E+00  0.000E+00  0.000E+00  0.000E+00  0.000E+00  0.000E+00  0.000E+00  0.000E+00
 1985  189      0  0.000E+00  0.000E+00  0.000E+00  0.000E+00  0.000E+00  0.000E+00  0.000E+00  0.000E+00  0.000E+00  0.000E+00  0.000E+00  0.000E+00  0.000E+00  0.000E+00  0.000E+00  0.000E+00  0.000E+00  0.000E+00  0.000E+00
 1985  190      0  0.000E+00  0.000E+00  0.000E+00  0.000E+00  0.000E+00  0.000E+00  0.000E+00  0.000E+00  0.000E+00  0.000E+00  0.000E+00  0.000E+00  0.000E+00  0.000E+00  0.000E+00  0.000E+00  0.000E+00  0.000E+00  0.000E+00
 1985  191      0  0.000E+00  0.000E+00  0.000E+00  0.000E+00  0.000E+00  0.000E+00  0.000E+00  0.000E+00  0.000E+00  0.000E+00  0.000E+00  0.000E+00  0.000E+00  0.000E+00  0.000E+00  0.000E+00  0.000E+00  0.000E+00  0.000E+00
 1985  192      0  0.511E-01  0.114E+02  0.000E+00  0.109E-05  0.222E+00  0.491E-01  0.297E-01  0.139E-01  0.000E+00  0.730E+01  0.000E+00  0.000E+00  0.000E+00  0.000E+00  0.000E+00  0.000E+00  0.000E+00  0.000E+00  0.293E+02
 1985  193      0  0.000E+00  0.000E+00  0.000E+00  0.000E+00  0.000E+00  0.000E+00  0.000E+00  0.000E+00  0.000E+00  0.000E+00  0.000E+00  0.000E+00  0.000E+00  0.000E+00  0.000E+00  0.000E+00  0.000E+00  0.000E+00  0.000E+00
 1985  194      0  0.000E+00  0.000E+00  0.000E+00  0.000E+00  0.000E+00  0.000E+00  0.000E+00  0.000E+00  0.000E+00  0.000E+00  0.000E+00  0.000E+00  0.000E+00  0.000E+00  0.000E+00  0.000E+00  0.000E+00  0.000E+00  0.000E+00
 1985  195      0  0.000E+00  0.000E+00  0.000E+00  0.000E+00  0.000E+00  0.000E+00  0.000E+00  0.000E+00  0.000E+00  0.000E+00  0.000E+00  0.000E+00  0.000E+00  0.000E+00  0.000E+00  0.000E+00  0.000E+00  0.000E+00  0.000E+00
 1985  196      0  0.459E-01  0.102E+02  0.000E+00  0.159E-05  0.214E+00  0.664E-01  0.327E-01  0.145E-01  0.000E+00  0.749E+01  0.000E+00  0.000E+00  0.000E+00  0.000E+00  0.000E+00  0.000E+00  0.000E+00  0.000E+00  0.279E+02
 1985  197      0  0.257E-01  0.583E+01  0.000E+00  0.160E-05  0.257E+00  0.818E-01  0.519E-01  0.217E-01  0.000E+00  0.722E+01  0.000E+00  0.000E+00  0.000E+00  0.000E+00  0.000E+00  0.000E+00  0.000E+00  0.000E+00  0.294E+02
 1985  198      0  0.000E+00  0.000E+00  0.000E+00  0.000E+00  0.000E+00  0.000E+00  0.000E+00  0.000E+00  0.000E+00  0.000E+00  0.000E+00  0.000E+00  0.000E+00  0.000E+00  0.000E+00  0.000E+00  0.000E+00  0.000E+00  0.000E+00
 1985  199      0  0.496E-01  0.110E+02  0.000E+00  0.169E-05  0.228E+00  0.664E-01  0.328E-01  0.148E-01  0.000E+00  0.747E+01  0.000E+00  0.000E+00  0.000E+00  0.000E+00  0.000E+00  0.000E+00  0.000E+00  0.000E+00  0.280E+02
 1985  200      0  0.468E-01  0.104E+02  0.108E-05  0.182E-05  0.228E+00  0.680E-01  0.346E-01  0.152E-01  0.000E+00  0.752E+01  0.000E+00  0.000E+00  0.000E+00  0.000E+00  0.000E+00  0.000E+00  0.000E+00  0.000E+00  0.277E+02
 1985  201      0  0.116E+00  0.127E+02  0.217E-01  0.718E-02  0.202E+00  0.517E-01  0.266E-01  0.350E-01  0.161E+00  0.752E+01  0.000E+00  0.000E+00  0.000E+00  0.000E+00  0.000E+00  0.000E+00  0.000E+00  0.000E+00  0.259E+02
 1985  202      0  0.260E-01  0.591E+01  0.805E-03  0.337E-03  0.271E+00  0.800E-01  0.453E-01  0.237E-01  0.000E+00  0.751E+01  0.000E+00  0.000E+00  0.000E+00  0.000E+00  0.000E+00  0.000E+00  0.000E+00  0.000E+00  0.276E+02
 1985  203      0  0.522E-01  0.116E+02  0.613E-04  0.252E-04  0.290E+00  0.492E-01  0.296E-01  0.183E-01  0.000E+00  0.740E+01  0.000E+00  0.000E+00  0.000E+00  0.000E+00  0.000E+00  0.000E+00  0.000E+00  0.000E+00  0.287E+02
 1985  204      0  0.569E-01  0.126E+02  0.968E-05  0.498E-05  0.271E+00  0.487E-01  0.285E-01  0.174E-01  0.000E+00  0.751E+01  0.000E+00  0.000E+00  0.000E+00  0.000E+00  0.000E+00  0.000E+00  0.000E+00  0.000E+00  0.279E+02
 1985  205      0  0.000E+00  0.000E+00  0.000E+00  0.000E+00  0.000E+00  0.000E+00  0.000E+00  0.000E+00  0.000E+00  0.000E+00  0.000E+00  0.000E+00  0.000E+00  0.000E+00  0.000E+00  0.000E+00  0.000E+00  0.000E+00  0.000E+00
 1985  206      0  0.000E+00  0.000E+00  0.000E+00  0.000E+00  0.000E+00  0.000E+00  0.000E+00  0.000E+00  0.000E+00  0.000E+00  0.000E+00  0.000E+00  0.000E+00  0.000E+00  0.000E+00  0.000E+00  0.000E+00  0.000E+00  0.000E+00
 1985  207      0  0.000E+00  0.000E+00  0.000E+00  0.000E+00  0.000E+00  0.000E+00  0.000E+00  0.000E+00  0.000E+00  0.000E+00  0.000E+00  0.000E+00  0.000E+00  0.000E+00  0.000E+00  0.000E+00  0.000E+00  0.000E+00  0.000E+00
 1985  208      0  0.000E+00  0.000E+00  0.000E+00  0.000E+00  0.000E+00  0.000E+00  0.000E+00  0.000E+00  0.000E+00  0.000E+00  0.000E+00  0.000E+00  0.000E+00  0.000E+00  0.000E+00  0.000E+00  0.000E+00  0.000E+00  0.000E+00
 1985  209      0  0.000E+00  0.000E+00  0.000E+00  0.000E+00  0.000E+00  0.000E+00  0.000E+00  0.000E+00  0.000E+00  0.000E+00  0.000E+00  0.000E+00  0.000E+00  0.000E+00  0.000E+00  0.000E+00  0.000E+00  0.000E+00  0.000E+00
 1985  210      0  0.000E+00  0.000E+00  0.000E+00  0.000E+00  0.000E+00  0.000E+00  0.000E+00  0.000E+00  0.000E+00  0.000E+00  0.000E+00  0.000E+00  0.000E+00  0.000E+00  0.000E+00  0.000E+00  0.000E+00  0.000E+00  0.000E+00
 1985  211      0  0.000E+00  0.000E+00  0.000E+00  0.000E+00  0.000E+00  0.000E+00  0.000E+00  0.000E+00  0.000E+00  0.000E+00  0.000E+00  0.000E+00  0.000E+00  0.000E+00  0.000E+00  0.000E+00  0.000E+00  0.000E+00  0.000E+00
 1985  212      0  0.000E+00  0.000E+00  0.000E+00  0.000E+00  0.000E+00  0.000E+00  0.000E+00  0.000E+00  0.000E+00  0.000E+00  0.000E+00  0.000E+00  0.000E+00  0.000E+00  0.000E+00  0.000E+00  0.000E+00  0.000E+00  0.000E+00
 1985  213      0  0.000E+00  0.000E+00  0.000E+00  0.000E+00  0.000E+00  0.000E+00  0.000E+00  0.000E+00  0.000E+00  0.000E+00  0.000E+00  0.000E+00  0.000E+00  0.000E+00  0.000E+00  0.000E+00  0.000E+00  0.000E+00  0.000E+00
 1985  214      0  0.000E+00  0.000E+00  0.000E+00  0.000E+00  0.000E+00  0.000E+00  0.000E+00  0.000E+00  0.000E+00  0.000E+00  0.000E+00  0.000E+00  0.000E+00  0.000E+00  0.000E+00  0.000E+00  0.000E+00  0.000E+00  0.000E+00
 1985  215      0  0.201E-01  0.452E+01  0.102E-05  0.143E-05  0.418E+00  0.842E-01  0.576E-01  0.312E-01  0.000E+00  0.714E+01  0.000E+00  0.000E+00  0.000E+00  0.000E+00  0.000E+00  0.000E+00  0.000E+00  0.000E+00  0.299E+02
 1985  216      0  0.000E+00  0.000E+00  0.000E+00  0.000E+00  0.000E+00  0.000E+00  0.000E+00  0.000E+00  0.000E+00  0.000E+00  0.000E+00  0.000E+00  0.000E+00  0.000E+00  0.000E+00  0.000E+00  0.000E+00  0.000E+00  0.000E+00
 1985  217      0  0.000E+00  0.000E+00  0.000E+00  0.000E+00  0.000E+00  0.000E+00  0.000E+00  0.000E+00  0.000E+00  0.000E+00  0.000E+00  0.000E+00  0.000E+00  0.000E+00  0.000E+00  0.000E+00  0.000E+00  0.000E+00  0.000E+00
 1985  218      0  0.000E+00  0.000E+00  0.000E+00  0.000E+00  0.000E+00  0.000E+00  0.000E+00  0.000E+00  0.000E+00  0.000E+00  0.000E+00  0.000E+00  0.000E+00  0.000E+00  0.000E+00  0.000E+00  0.000E+00  0.000E+00  0.000E+00
 1985  219      0  0.000E+00  0.000E+00  0.000E+00  0.000E+00  0.000E+00  0.000E+00  0.000E+00  0.000E+00  0.000E+00  0.000E+00  0.000E+00  0.000E+00  0.000E+00  0.000E+00  0.000E+00  0.000E+00  0.000E+00  0.000E+00  0.000E+00
 1985  220      0  0.000E+00  0.000E+00  0.000E+00  0.000E+00  0.000E+00  0.000E+00  0.000E+00  0.000E+00  0.000E+00  0.000E+00  0.000E+00  0.000E+00  0.000E+00  0.000E+00  0.000E+00  0.000E+00  0.000E+00  0.000E+00  0.000E+00
 1985  221      0  0.000E+00  0.000E+00  0.000E+00  0.000E+00  0.000E+00  0.000E+00  0.000E+00  0.000E+00  0.000E+00  0.000E+00  0.000E+00  0.000E+00  0.000E+00  0.000E+00  0.000E+00  0.000E+00  0.000E+00  0.000E+00  0.000E+00
 1985  222      0  0.000E+00  0.000E+00  0.000E+00  0.000E+00  0.000E+00  0.000E+00  0.000E+00  0.000E+00  0.000E+00  0.000E+00  0.000E+00  0.000E+00  0.000E+00  0.000E+00  0.000E+00  0.000E+00  0.000E+00  0.000E+00  0.000E+00
 1985  223      0  0.000E+00  0.000E+00  0.000E+00  0.000E+00  0.000E+00  0.000E+00  0.000E+00  0.000E+00  0.000E+00  0.000E+00  0.000E+00  0.000E+00  0.000E+00  0.000E+00  0.000E+00  0.000E+00  0.000E+00  0.000E+00  0.000E+00
 1985  224      0  0.000E+00  0.000E+00  0.000E+00  0.000E+00  0.000E+00  0.000E+00  0.000E+00  0.000E+00  0.000E+00  0.000E+00  0.000E+00  0.000E+00  0.000E+00  0.000E+00  0.000E+00  0.000E+00  0.000E+00  0.000E+00  0.000E+00
 1985  225      0  0.000E+00  0.000E+00  0.000E+00  0.000E+00  0.000E+00  0.000E+00  0.000E+00  0.000E+00  0.000E+00  0.000E+00  0.000E+00  0.000E+00  0.000E+00  0.000E+00  0.000E+00  0.000E+00  0.000E+00  0.000E+00  0.000E+00
 1985  226      0  0.000E+00  0.000E+00  0.000E+00  0.000E+00  0.000E+00  0.000E+00  0.000E+00  0.000E+00  0.000E+00  0.000E+00  0.000E+00  0.000E+00  0.000E+00  0.000E+00  0.000E+00  0.000E+00  0.000E+00  0.000E+00  0.000E+00
 1985  227      0  0.321E-01  0.716E+01  0.724E-01  0.138E-01  0.143E+01  0.109E+00  0.612E-01  0.677E-01  0.145E+00  0.734E+01  0.000E+00  0.000E+00  0.000E+00  0.000E+00  0.000E+00  0.000E+00  0.000E+00  0.000E+00  0.265E+02
 1985  228      0  0.272E-01  0.611E+01  0.301E-01  0.653E-02  0.611E+00  0.919E-01  0.546E-01  0.565E-01  0.996E-03  0.744E+01  0.000E+00  0.000E+00  0.000E+00  0.000E+00  0.000E+00  0.000E+00  0.000E+00  0.000E+00  0.279E+02
 1985  229      0  0.156E-01  0.356E+01  0.122E-02  0.262E-03  0.585E+00  0.848E-01  0.589E-01  0.441E-01  0.000E+00  0.712E+01  0.000E+00  0.000E+00  0.000E+00  0.000E+00  0.000E+00  0.000E+00  0.000E+00  0.000E+00  0.301E+02
 1985  230      0  0.000E+00  0.000E+00  0.000E+00  0.000E+00  0.000E+00  0.000E+00  0.000E+00  0.000E+00  0.000E+00  0.000E+00  0.000E+00  0.000E+00  0.000E+00  0.000E+00  0.000E+00  0.000E+00  0.000E+00  0.000E+00  0.000E+00
 1985  231      0  0.000E+00  0.000E+00  0.000E+00  0.000E+00  0.000E+00  0.000E+00  0.000E+00  0.000E+00  0.000E+00  0.000E+00  0.000E+00  0.000E+00  0.000E+00  0.000E+00  0.000E+00  0.000E+00  0.000E+00  0.000E+00  0.000E+00
 1985  232      0  0.000E+00  0.000E+00  0.000E+00  0.000E+00  0.000E+00  0.000E+00  0.000E+00  0.000E+00  0.000E+00  0.000E+00  0.000E+00  0.000E+00  0.000E+00  0.000E+00  0.000E+00  0.000E+00  0.000E+00  0.000E+00  0.000E+00
 1985  233      0  0.000E+00  0.000E+00  0.000E+00  0.000E+00  0.000E+00  0.000E+00  0.000E+00  0.000E+00  0.000E+00  0.000E+00  0.000E+00  0.000E+00  0.000E+00  0.000E+00  0.000E+00  0.000E+00  0.000E+00  0.000E+00  0.000E+00
 1985  234      0  0.000E+00  0.000E+00  0.000E+00  0.000E+00  0.000E+00  0.000E+00  0.000E+00  0.000E+00  0.000E+00  0.000E+00  0.000E+00  0.000E+00  0.000E+00  0.000E+00  0.000E+00  0.000E+00  0.000E+00  0.000E+00  0.000E+00
 1985  235      0  0.000E+00  0.000E+00  0.000E+00  0.000E+00  0.000E+00  0.000E+00  0.000E+00  0.000E+00  0.000E+00  0.000E+00  0.000E+00  0.000E+00  0.000E+00  0.000E+00  0.000E+00  0.000E+00  0.000E+00  0.000E+00  0.000E+00
 1985  236      0  0.000E+00  0.000E+00  0.000E+00  0.000E+00  0.000E+00  0.000E+00  0.000E+00  0.000E+00  0.000E+00  0.000E+00  0.000E+00  0.000E+00  0.000E+00  0.000E+00  0.000E+00  0.000E+00  0.000E+00  0.000E+00  0.000E+00
 1985  237      0  0.000E+00  0.000E+00  0.000E+00  0.000E+00  0.000E+00  0.000E+00  0.000E+00  0.000E+00  0.000E+00  0.000E+00  0.000E+00  0.000E+00  0.000E+00  0.000E+00  0.000E+00  0.000E+00  0.000E+00  0.000E+00  0.000E+00
 1985  238      0  0.000E+00  0.000E+00  0.000E+00  0.000E+00  0.000E+00  0.000E+00  0.000E+00  0.000E+00  0.000E+00  0.000E+00  0.000E+00  0.000E+00  0.000E+00  0.000E+00  0.000E+00  0.000E+00  0.000E+00  0.000E+00  0.000E+00
 1985  239      0  0.000E+00  0.000E+00  0.000E+00  0.000E+00  0.000E+00  0.000E+00  0.000E+00  0.000E+00  0.000E+00  0.000E+00  0.000E+00  0.000E+00  0.000E+00  0.000E+00  0.000E+00  0.000E+00  0.000E+00  0.000E+00  0.000E+00
 1985  240      0  0.000E+00  0.000E+00  0.000E+00  0.000E+00  0.000E+00  0.000E+00  0.000E+00  0.000E+00  0.000E+00  0.000E+00  0.000E+00  0.000E+00  0.000E+00  0.000E+00  0.000E+00  0.000E+00  0.000E+00  0.000E+00  0.000E+00
 1985  241      0  0.000E+00  0.000E+00  0.000E+00  0.000E+00  0.000E+00  0.000E+00  0.000E+00  0.000E+00  0.000E+00  0.000E+00  0.000E+00  0.000E+00  0.000E+00  0.000E+00  0.000E+00  0.000E+00  0.000E+00  0.000E+00  0.000E+00
 1985  242      0  0.000E+00  0.000E+00  0.000E+00  0.000E+00  0.000E+00  0.000E+00  0.000E+00  0.000E+00  0.000E+00  0.000E+00  0.000E+00  0.000E+00  0.000E+00  0.000E+00  0.000E+00  0.000E+00  0.000E+00  0.000E+00  0.000E+00
 1985  243      0  0.000E+00  0.000E+00  0.000E+00  0.000E+00  0.000E+00  0.000E+00  0.000E+00  0.000E+00  0.000E+00  0.000E+00  0.000E+00  0.000E+00  0.000E+00  0.000E+00  0.000E+00  0.000E+00  0.000E+00  0.000E+00  0.000E+00
 1985  244      0  0.000E+00  0.000E+00  0.000E+00  0.000E+00  0.000E+00  0.000E+00  0.000E+00  0.000E+00  0.000E+00  0.000E+00  0.000E+00  0.000E+00  0.000E+00  0.000E+00  0.000E+00  0.000E+00  0.000E+00  0.000E+00  0.000E+00
 1985  245      0  0.000E+00  0.000E+00  0.000E+00  0.000E+00  0.000E+00  0.000E+00  0.000E+00  0.000E+00  0.000E+00  0.000E+00  0.000E+00  0.000E+00  0.000E+00  0.000E+00  0.000E+00  0.000E+00  0.000E+00  0.000E+00  0.000E+00
 1985  246      0  0.000E+00  0.000E+00  0.000E+00  0.000E+00  0.000E+00  0.000E+00  0.000E+00  0.000E+00  0.000E+00  0.000E+00  0.000E+00  0.000E+00  0.000E+00  0.000E+00  0.000E+00  0.000E+00  0.000E+00  0.000E+00  0.000E+00
 1985  247      0  0.000E+00  0.000E+00  0.000E+00  0.000E+00  0.000E+00  0.000E+00  0.000E+00  0.000E+00  0.000E+00  0.000E+00  0.000E+00  0.000E+00  0.000E+00  0.000E+00  0.000E+00  0.000E+00  0.000E+00  0.000E+00  0.000E+00
 1985  248      0  0.172E-01  0.393E+01  0.284E+00  0.426E-01  0.698E+01  0.197E+00  0.126E+00  0.154E+00  0.248E+00  0.667E+01  0.000E+00  0.000E+00  0.000E+00  0.000E+00  0.000E+00  0.000E+00  0.000E+00  0.000E+00  0.278E+02
 1985  249      0  0.000E+00  0.000E+00  0.000E+00  0.000E+00  0.000E+00  0.000E+00  0.000E+00  0.000E+00  0.000E+00  0.000E+00  0.000E+00  0.000E+00  0.000E+00  0.000E+00  0.000E+00  0.000E+00  0.000E+00  0.000E+00  0.000E+00
 1985  250      0  0.000E+00  0.000E+00  0.000E+00  0.000E+00  0.000E+00  0.000E+00  0.000E+00  0.000E+00  0.000E+00  0.000E+00  0.000E+00  0.000E+00  0.000E+00  0.000E+00  0.000E+00  0.000E+00  0.000E+00  0.000E+00  0.000E+00
 1985  251      0  0.000E+00  0.000E+00  0.000E+00  0.000E+00  0.000E+00  0.000E+00  0.000E+00  0.000E+00  0.000E+00  0.000E+00  0.000E+00  0.000E+00  0.000E+00  0.000E+00  0.000E+00  0.000E+00  0.000E+00  0.000E+00  0.000E+00
 1985  252      0  0.000E+00  0.000E+00  0.000E+00  0.000E+00  0.000E+00  0.000E+00  0.000E+00  0.000E+00  0.000E+00  0.000E+00  0.000E+00  0.000E+00  0.000E+00  0.000E+00  0.000E+00  0.000E+00  0.000E+00  0.000E+00  0.000E+00
 1985  253      0  0.000E+00  0.000E+00  0.000E+00  0.000E+00  0.000E+00  0.000E+00  0.000E+00  0.000E+00  0.000E+00  0.000E+00  0.000E+00  0.000E+00  0.000E+00  0.000E+00  0.000E+00  0.000E+00  0.000E+00  0.000E+00  0.000E+00
 1985  254      0  0.455E-01  0.101E+02  0.143E+00  0.280E-01  0.191E+01  0.127E+00  0.597E-01  0.831E-01  0.363E+00  0.729E+01  0.000E+00  0.000E+00  0.000E+00  0.000E+00  0.000E+00  0.000E+00  0.000E+00  0.000E+00  0.246E+02
 1985  255      0  0.153E+00  0.169E+02  0.276E+00  0.637E-01  0.400E+00  0.126E+00  0.520E-01  0.103E+00  0.977E+00  0.638E+01  0.000E+00  0.000E+00  0.000E+00  0.000E+00  0.000E+00  0.000E+00  0.000E+00  0.000E+00  0.246E+02
 1985  256      0  0.629E-01  0.694E+01  0.125E-01  0.224E-02  0.299E+00  0.514E-01  0.287E-01  0.255E-01  0.000E+00  0.790E+01  0.000E+00  0.000E+00  0.000E+00  0.000E+00  0.000E+00  0.000E+00  0.000E+00  0.000E+00  0.254E+02
 1985  257      0  0.871E-01  0.960E+01  0.815E-01  0.166E-01  0.368E+00  0.761E-01  0.388E-01  0.578E-01  0.209E+00  0.757E+01  0.000E+00  0.000E+00  0.000E+00  0.000E+00  0.000E+00  0.000E+00  0.000E+00  0.000E+00  0.248E+02
 1985  258      0  0.694E-01  0.764E+01  0.289E-02  0.623E-03  0.275E+00  0.463E-01  0.238E-01  0.145E-01  0.000E+00  0.821E+01  0.000E+00  0.000E+00  0.000E+00  0.000E+00  0.000E+00  0.000E+00  0.000E+00  0.000E+00  0.236E+02
 1985  259      0  0.000E+00  0.000E+00  0.000E+00  0.000E+00  0.000E+00  0.000E+00  0.000E+00  0.000E+00  0.000E+00  0.000E+00  0.000E+00  0.000E+00  0.000E+00  0.000E+00  0.000E+00  0.000E+00  0.000E+00  0.000E+00  0.000E+00
 1985  260      0  0.000E+00  0.000E+00  0.000E+00  0.000E+00  0.000E+00  0.000E+00  0.000E+00  0.000E+00  0.000E+00  0.000E+00  0.000E+00  0.000E+00  0.000E+00  0.000E+00  0.000E+00  0.000E+00  0.000E+00  0.000E+00  0.000E+00
 1985  261      0  0.000E+00  0.000E+00  0.000E+00  0.000E+00  0.000E+00  0.000E+00  0.000E+00  0.000E+00  0.000E+00  0.000E+00  0.000E+00  0.000E+00  0.000E+00  0.000E+00  0.000E+00  0.000E+00  0.000E+00  0.000E+00  0.000E+00
 1985  262      0  0.000E+00  0.000E+00  0.000E+00  0.000E+00  0.000E+00  0.000E+00  0.000E+00  0.000E+00  0.000E+00  0.000E+00  0.000E+00  0.000E+00  0.000E+00  0.000E+00  0.000E+00  0.000E+00  0.000E+00  0.000E+00  0.000E+00
 1985  263      0  0.000E+00  0.000E+00  0.000E+00  0.000E+00  0.000E+00  0.000E+00  0.000E+00  0.000E+00  0.000E+00  0.000E+00  0.000E+00  0.000E+00  0.000E+00  0.000E+00  0.000E+00  0.000E+00  0.000E+00  0.000E+00  0.000E+00
 1985  264      0  0.000E+00  0.000E+00  0.000E+00  0.000E+00  0.000E+00  0.000E+00  0.000E+00  0.000E+00  0.000E+00  0.000E+00  0.000E+00  0.000E+00  0.000E+00  0.000E+00  0.000E+00  0.000E+00  0.000E+00  0.000E+00  0.000E+00
 1985  265      0  0.000E+00  0.000E+00  0.000E+00  0.000E+00  0.000E+00  0.000E+00  0.000E+00  0.000E+00  0.000E+00  0.000E+00  0.000E+00  0.000E+00  0.000E+00  0.000E+00  0.000E+00  0.000E+00  0.000E+00  0.000E+00  0.000E+00
 1985  266      0  0.000E+00  0.000E+00  0.000E+00  0.000E+00  0.000E+00  0.000E+00  0.000E+00  0.000E+00  0.000E+00  0.000E+00  0.000E+00  0.000E+00  0.000E+00  0.000E+00  0.000E+00  0.000E+00  0.000E+00  0.000E+00  0.000E+00
 1985  267      0  0.000E+00  0.000E+00  0.000E+00  0.000E+00  0.000E+00  0.000E+00  0.000E+00  0.000E+00  0.000E+00  0.000E+00  0.000E+00  0.000E+00  0.000E+00  0.000E+00  0.000E+00  0.000E+00  0.000E+00  0.000E+00  0.000E+00
 1985  268      0  0.126E-01  0.288E+01  0.148E-03  0.214E-04  0.482E+00  0.864E-01  0.515E-01  0.361E-01  0.000E+00  0.780E+01  0.000E+00  0.000E+00  0.000E+00  0.000E+00  0.000E+00  0.000E+00  0.000E+00  0.000E+00  0.257E+02
 1985  269      0  0.000E+00  0.000E+00  0.000E+00  0.000E+00  0.000E+00  0.000E+00  0.000E+00  0.000E+00  0.000E+00  0.000E+00  0.000E+00  0.000E+00  0.000E+00  0.000E+00  0.000E+00  0.000E+00  0.000E+00  0.000E+00  0.000E+00
 1985  270      0  0.000E+00  0.000E+00  0.000E+00  0.000E+00  0.000E+00  0.000E+00  0.000E+00  0.000E+00  0.000E+00  0.000E+00  0.000E+00  0.000E+00  0.000E+00  0.000E+00  0.000E+00  0.000E+00  0.000E+00  0.000E+00  0.000E+00
 1985  271      0  0.107E+00  0.118E+02  0.331E+00  0.695E-01  0.191E+01  0.155E+00  0.656E-01  0.124E+00  0.105E+01  0.655E+01  0.000E+00  0.000E+00  0.000E+00  0.000E+00  0.000E+00  0.000E+00  0.000E+00  0.000E+00  0.230E+02
 1985  272      0  0.322E+00  0.235E+02  0.478E+00  0.119E+00  0.389E+00  0.132E+00  0.318E-01  0.998E-01  0.234E+01  0.623E+01  0.168E-01  0.000E+00  0.000E+00  0.000E+00  0.000E+00  0.000E+00  0.000E+00  0.000E+00  0.183E+02
 1985  273      0  0.146E+00  0.160E+02  0.462E-01  0.115E-01  0.450E+00  0.437E-01  0.110E-01  0.181E-01  0.000E+00  0.101E+02  0.000E+00  0.000E+00  0.000E+00  0.000E+00  0.000E+00  0.000E+00  0.000E+00  0.000E+00  0.141E+02
 1985  274      0  0.339E-01  0.770E+01  0.135E-02  0.365E-03  0.462E+00  0.481E-01  0.131E-01  0.793E-02  0.000E+00  0.975E+01  0.000E+00  0.000E+00  0.000E+00  0.000E+00  0.000E+00  0.000E+00  0.000E+00  0.000E+00  0.157E+02
 1985  275      0  0.589E-01  0.131E+02  0.143E-03  0.389E-04  0.467E+00  0.407E-01  0.147E-01  0.691E-02  0.000E+00  0.931E+01  0.000E+00  0.000E+00  0.000E+00  0.000E+00  0.000E+00  0.000E+00  0.000E+00  0.000E+00  0.178E+02
 1985  276      0  0.345E-01  0.779E+01  0.179E-04  0.681E-05  0.482E+00  0.588E-01  0.216E-01  0.978E-02  0.000E+00  0.870E+01  0.000E+00  0.000E+00  0.000E+00  0.000E+00  0.000E+00  0.000E+00  0.000E+00  0.000E+00  0.208E+02
 1985  277      0  0.247E-01  0.564E+01  0.337E-05  0.262E-05  0.489E+00  0.678E-01  0.267E-01  0.116E-01  0.000E+00  0.862E+01  0.000E+00  0.000E+00  0.000E+00  0.000E+00  0.000E+00  0.000E+00  0.000E+00  0.000E+00  0.212E+02
 1985  278      0  0.460E-01  0.102E+02  0.154E-05  0.257E-05  0.469E+00  0.529E-01  0.175E-01  0.740E-02  0.000E+00  0.918E+01  0.000E+00  0.000E+00  0.000E+00  0.000E+00  0.000E+00  0.000E+00  0.000E+00  0.000E+00  0.183E+02
 1985  279      0  0.000E+00  0.000E+00  0.000E+00  0.000E+00  0.000E+00  0.000E+00  0.000E+00  0.000E+00  0.000E+00  0.000E+00  0.000E+00  0.000E+00  0.000E+00  0.000E+00  0.000E+00  0.000E+00  0.000E+00  0.000E+00  0.000E+00
 1985  280      0  0.514E-03  0.363E+00  0.000E+00  0.000E+00  0.634E+00  0.890E-01  0.455E-01  0.310E-01  0.000E+00  0.857E+01  0.000E+00  0.000E+00  0.000E+00  0.000E+00  0.000E+00  0.000E+00  0.000E+00  0.000E+00  0.213E+02
 1985  281      0  0.811E-01  0.890E+01  0.893E-02  0.132E-02  0.689E+00  0.477E-01  0.226E-01  0.143E-01  0.359E-02  0.849E+01  0.000E+00  0.000E+00  0.000E+00  0.000E+00  0.000E+00  0.000E+00  0.000E+00  0.000E+00  0.220E+02
 1985  282      0  0.708E-01  0.778E+01  0.298E-03  0.461E-04  0.518E+00  0.455E-01  0.227E-01  0.111E-01  0.000E+00  0.836E+01  0.000E+00  0.000E+00  0.000E+00  0.000E+00  0.000E+00  0.000E+00  0.000E+00  0.000E+00  0.227E+02
 1985  283      0  0.716E-01  0.786E+01  0.273E-04  0.676E-05  0.511E+00  0.458E-01  0.232E-01  0.103E-01  0.000E+00  0.830E+01  0.000E+00  0.000E+00  0.000E+00  0.000E+00  0.000E+00  0.000E+00  0.000E+00  0.000E+00  0.231E+02
 1985  284      0  0.750E-01  0.823E+01  0.894E-02  0.127E-02  0.592E+00  0.495E-01  0.262E-01  0.173E-01  0.444E-02  0.809E+01  0.000E+00  0.000E+00  0.000E+00  0.000E+00  0.000E+00  0.000E+00  0.000E+00  0.000E+00  0.242E+02
 1985  285      0  0.000E+00  0.000E+00  0.000E+00  0.000E+00  0.000E+00  0.000E+00  0.000E+00  0.000E+00  0.000E+00  0.000E+00  0.000E+00  0.000E+00  0.000E+00  0.000E+00  0.000E+00  0.000E+00  0.000E+00  0.000E+00  0.000E+00
 1985  286      0  0.000E+00  0.000E+00  0.000E+00  0.000E+00  0.000E+00  0.000E+00  0.000E+00  0.000E+00  0.000E+00  0.000E+00  0.000E+00  0.000E+00  0.000E+00  0.000E+00  0.000E+00  0.000E+00  0.000E+00  0.000E+00  0.000E+00
 1985  287      0  0.425E+02  0.179E+03  0.413E+01  0.106E+01  0.929E-01  0.199E+00  0.112E-02  0.118E+00  0.986E+02  0.930E-01  0.729E+02  0.000E+00  0.000E+00  0.000E+00  0.000E+00  0.000E+00  0.000E+00  0.000E+00  0.250E+02
 1985  288      0  0.128E+02  0.111E+03  0.376E+01  0.948E+00  0.124E+00  0.216E+00  0.159E-01  0.126E+00  0.108E-03  0.882E+01  0.134E+02  0.000E+00  0.000E+00  0.000E+00  0.000E+00  0.000E+00  0.000E+00  0.000E+00  0.195E+02
 1985  289      0  0.323E+01  0.642E+02  0.171E+01  0.449E+00  0.178E+00  0.157E+00  0.171E-01  0.946E-01  0.000E+00  0.892E+01  0.176E+00  0.000E+00  0.000E+00  0.000E+00  0.000E+00  0.000E+00  0.000E+00  0.000E+00  0.192E+02
 1985  290      0  0.201E+01  0.488E+02  0.460E+00  0.118E+00  0.202E+00  0.641E-01  0.922E-02  0.345E-01  0.628E-01  0.852E+01  0.831E-02  0.000E+00  0.000E+00  0.000E+00  0.000E+00  0.000E+00  0.000E+00  0.000E+00  0.213E+02
 1985  291      0  0.199E+01  0.484E+02  0.110E+00  0.283E-01  0.195E+00  0.233E-01  0.441E-02  0.113E-01  0.154E+00  0.793E+01  0.190E-02  0.000E+00  0.000E+00  0.000E+00  0.000E+00  0.000E+00  0.000E+00  0.000E+00  0.239E+02
 1985  292      0  0.224E+02  0.138E+03  0.250E+01  0.602E+00  0.446E-01  0.129E+00  0.891E-03  0.765E-01  0.530E+02  0.919E-01  0.215E+02  0.000E+00  0.000E+00  0.000E+00  0.000E+00  0.000E+00  0.000E+00  0.000E+00  0.200E+02
 1985  293      0  0.547E+01  0.795E+02  0.838E+00  0.217E+00  0.110E+00  0.657E-01  0.621E-02  0.436E-01  0.000E+00  0.903E+01  0.119E+00  0.000E+00  0.000E+00  0.000E+00  0.000E+00  0.000E+00  0.000E+00  0.000E+00  0.191E+02
 1985  294      0  0.351E+01  0.638E+02  0.196E+00  0.512E-01  0.143E+00  0.220E-01  0.260E-02  0.133E-01  0.000E+00  0.881E+01  0.217E-02  0.000E+00  0.000E+00  0.000E+00  0.000E+00  0.000E+00  0.000E+00  0.000E+00  0.204E+02
 1985  295      0  0.304E+01  0.603E+02  0.390E-01  0.103E-01  0.148E+00  0.764E-02  0.108E-02  0.327E-02  0.000E+00  0.868E+01  0.114E-03  0.000E+00  0.000E+00  0.000E+00  0.000E+00  0.000E+00  0.000E+00  0.000E+00  0.212E+02
 1985  296      0  0.297E+01  0.589E+02  0.807E-02  0.212E-02  0.147E+00  0.502E-02  0.851E-03  0.108E-02  0.000E+00  0.838E+01  0.000E+00  0.000E+00  0.000E+00  0.000E+00  0.000E+00  0.000E+00  0.000E+00  0.000E+00  0.230E+02
 1985  297      0  0.288E+01  0.628E+02  0.176E-02  0.462E-03  0.144E+00  0.453E-02  0.834E-03  0.552E-03  0.000E+00  0.831E+01  0.000E+00  0.000E+00  0.000E+00  0.000E+00  0.000E+00  0.000E+00  0.000E+00  0.000E+00  0.234E+02
 1985  298      0  0.276E+01  0.602E+02  0.707E-03  0.180E-03  0.143E+00  0.403E-02  0.646E-03  0.412E-03  0.854E-03  0.869E+01  0.527E-04  0.000E+00  0.000E+00  0.000E+00  0.000E+00  0.000E+00  0.000E+00  0.000E+00  0.212E+02
 1985  299      0  0.267E+01  0.584E+02  0.110E-03  0.295E-04  0.140E+00  0.378E-02  0.557E-03  0.293E-03  0.000E+00  0.896E+01  0.000E+00  0.000E+00  0.000E+00  0.000E+00  0.000E+00  0.000E+00  0.000E+00  0.000E+00  0.197E+02
 1985  300      0  0.251E+01  0.548E+02  0.238E-04  0.648E-05  0.137E+00  0.380E-02  0.542E-03  0.259E-03  0.000E+00  0.907E+01  0.000E+00  0.000E+00  0.000E+00  0.000E+00  0.000E+00  0.000E+00  0.000E+00  0.000E+00  0.191E+02
 1985  301      0  0.248E+01  0.542E+02  0.119E-01  0.344E-02  0.153E+00  0.490E-02  0.627E-03  0.164E-02  0.115E+00  0.911E+01  0.280E-02  0.000E+00  0.000E+00  0.000E+00  0.000E+00  0.000E+00  0.000E+00  0.000E+00  0.181E+02
 1985  302      0  0.247E+01  0.540E+02  0.315E-01  0.897E-02  0.138E+00  0.619E-02  0.651E-03  0.310E-02  0.230E+00  0.947E+01  0.473E-02  0.000E+00  0.000E+00  0.000E+00  0.000E+00  0.000E+00  0.000E+00  0.000E+00  0.156E+02
 1985  303      0  0.231E+01  0.561E+02  0.220E-02  0.664E-03  0.131E+00  0.342E-02  0.366E-03  0.552E-03  0.000E+00  0.998E+01  0.192E-03  0.000E+00  0.000E+00  0.000E+00  0.000E+00  0.000E+00  0.000E+00  0.000E+00  0.148E+02
 1985  304      0  0.216E+01  0.524E+02  0.196E-03  0.610E-04  0.128E+00  0.367E-02  0.451E-03  0.335E-03  0.000E+00  0.965E+01  0.000E+00  0.000E+00  0.000E+00  0.000E+00  0.000E+00  0.000E+00  0.000E+00  0.000E+00  0.163E+02
 1985  305      0  0.218E+01  0.529E+02  0.206E-01  0.589E-02  0.131E+00  0.552E-02  0.606E-03  0.223E-02  0.210E+00  0.961E+01  0.204E-02  0.000E+00  0.000E+00  0.000E+00  0.000E+00  0.000E+00  0.000E+00  0.000E+00  0.152E+02
 1985  306      0  0.210E+01  0.509E+02  0.120E-02  0.373E-03  0.124E+00  0.360E-02  0.394E-03  0.475E-03  0.000E+00  0.101E+02  0.672E-04  0.000E+00  0.000E+00  0.000E+00  0.000E+00  0.000E+00  0.000E+00  0.000E+00  0.144E+02
 1985  307      0  0.191E+01  0.521E+02  0.108E-03  0.349E-04  0.122E+00  0.373E-02  0.416E-03  0.316E-03  0.000E+00  0.997E+01  0.000E+00  0.000E+00  0.000E+00  0.000E+00  0.000E+00  0.000E+00  0.000E+00  0.000E+00  0.148E+02
 1985  308      0  0.185E+01  0.505E+02  0.119E-04  0.430E-05  0.119E+00  0.403E-02  0.489E-03  0.286E-03  0.000E+00  0.980E+01  0.000E+00  0.000E+00  0.000E+00  0.000E+00  0.000E+00  0.000E+00  0.000E+00  0.000E+00  0.156E+02
 1985  309      0  0.179E+01  0.490E+02  0.000E+00  0.000E+00  0.117E+00  0.448E-02  0.614E-03  0.155E-03  0.000E+00  0.954E+01  0.000E+00  0.000E+00  0.000E+00  0.000E+00  0.000E+00  0.000E+00  0.000E+00  0.000E+00  0.168E+02
 1985  310      0  0.167E+01  0.456E+02  0.000E+00  0.000E+00  0.115E+00  0.518E-02  0.831E-03  0.171E-03  0.000E+00  0.916E+01  0.000E+00  0.000E+00  0.000E+00  0.000E+00  0.000E+00  0.000E+00  0.000E+00  0.000E+00  0.187E+02
 1985  311      0  0.165E+01  0.452E+02  0.000E+00  0.000E+00  0.113E+00  0.445E-02  0.572E-03  0.149E-03  0.000E+00  0.982E+01  0.000E+00  0.000E+00  0.000E+00  0.000E+00  0.000E+00  0.000E+00  0.000E+00  0.000E+00  0.155E+02
 1985  312      0  0.164E+01  0.449E+02  0.000E+00  0.000E+00  0.111E+00  0.472E-02  0.609E-03  0.156E-03  0.000E+00  0.975E+01  0.000E+00  0.000E+00  0.000E+00  0.000E+00  0.000E+00  0.000E+00  0.000E+00  0.000E+00  0.158E+02
 1985  313      0  0.145E+01  0.452E+02  0.000E+00  0.000E+00  0.110E+00  0.679E-02  0.135E-02  0.229E-03  0.000E+00  0.862E+01  0.000E+00  0.000E+00  0.000E+00  0.000E+00  0.000E+00  0.000E+00  0.000E+00  0.000E+00  0.215E+02
 1985  314      0  0.155E+01  0.484E+02  0.174E-01  0.410E-02  0.138E+00  0.963E-02  0.194E-02  0.243E-02  0.871E-01  0.840E+01  0.135E-02  0.000E+00  0.000E+00  0.000E+00  0.000E+00  0.000E+00  0.000E+00  0.000E+00  0.220E+02
 1985  315      0  0.192E+01  0.525E+02  0.102E+01  0.252E+00  0.174E+00  0.122E+00  0.128E-01  0.608E-01  0.622E+01  0.369E+01  0.246E-01  0.000E+00  0.000E+00  0.000E+00  0.000E+00  0.000E+00  0.000E+00  0.000E+00  0.172E+02
 1985  316      0  0.154E+01  0.482E+02  0.127E+00  0.324E-01  0.131E+00  0.256E-01  0.418E-02  0.104E-01  0.000E+00  0.855E+01  0.180E-03  0.000E+00  0.000E+00  0.000E+00  0.000E+00  0.000E+00  0.000E+00  0.000E+00  0.218E+02
 1985  317      0  0.143E+01  0.448E+02  0.230E-01  0.580E-02  0.120E+00  0.116E-01  0.249E-02  0.257E-02  0.000E+00  0.832E+01  0.000E+00  0.000E+00  0.000E+00  0.000E+00  0.000E+00  0.000E+00  0.000E+00  0.000E+00  0.233E+02
 1985  318      0  0.137E+01  0.429E+02  0.475E-02  0.121E-02  0.116E+00  0.815E-02  0.168E-02  0.995E-03  0.000E+00  0.866E+01  0.000E+00  0.000E+00  0.000E+00  0.000E+00  0.000E+00  0.000E+00  0.000E+00  0.000E+00  0.213E+02
 1985  319      0  0.147E+01  0.458E+02  0.922E-01  0.250E-01  0.143E+00  0.166E-01  0.212E-02  0.902E-02  0.845E+00  0.859E+01  0.473E-02  0.000E+00  0.000E+00  0.000E+00  0.000E+00  0.000E+00  0.000E+00  0.000E+00  0.160E+02
 1985  320      0  0.129E+01  0.404E+02  0.753E-02  0.211E-02  0.130E+00  0.596E-02  0.730E-03  0.122E-02  0.000E+00  0.102E+02  0.000E+00  0.000E+00  0.000E+00  0.000E+00  0.000E+00  0.000E+00  0.000E+00  0.000E+00  0.137E+02
 1985  321      0  0.125E+01  0.392E+02  0.102E-02  0.275E-03  0.127E+00  0.659E-02  0.105E-02  0.684E-03  0.000E+00  0.945E+01  0.000E+00  0.000E+00  0.000E+00  0.000E+00  0.000E+00  0.000E+00  0.000E+00  0.000E+00  0.172E+02
 1985  322      0  0.148E+01  0.463E+02  0.161E+00  0.410E-01  0.161E+00  0.313E-01  0.563E-02  0.168E-01  0.863E+00  0.740E+01  0.541E-02  0.000E+00  0.000E+00  0.000E+00  0.000E+00  0.000E+00  0.000E+00  0.000E+00  0.212E+02
 1985  323      0  0.152E+01  0.476E+02  0.420E-01  0.115E-01  0.152E+00  0.114E-01  0.167E-02  0.475E-02  0.000E+00  0.928E+01  0.102E-02  0.000E+00  0.000E+00  0.000E+00  0.000E+00  0.000E+00  0.000E+00  0.000E+00  0.181E+02
 1985  324      0  0.146E+01  0.458E+02  0.424E-02  0.122E-02  0.141E+00  0.391E-02  0.323E-03  0.649E-03  0.000E+00  0.113E+02  0.000E+00  0.000E+00  0.000E+00  0.000E+00  0.000E+00  0.000E+00  0.000E+00  0.000E+00  0.957E+01
 1985  325      0  0.147E+01  0.459E+02  0.640E-03  0.178E-03  0.136E+00  0.455E-02  0.508E-03  0.417E-03  0.000E+00  0.104E+02  0.000E+00  0.000E+00  0.000E+00  0.000E+00  0.000E+00  0.000E+00  0.000E+00  0.000E+00  0.132E+02
 1985  326      0  0.134E+01  0.417E+02  0.113E-03  0.309E-04  0.132E+00  0.535E-02  0.727E-03  0.404E-03  0.000E+00  0.981E+01  0.000E+00  0.000E+00  0.000E+00  0.000E+00  0.000E+00  0.000E+00  0.000E+00  0.000E+00  0.155E+02
 1985  327      0  0.136E+01  0.426E+02  0.228E-04  0.641E-05  0.129E+00  0.700E-02  0.132E-02  0.267E-03  0.000E+00  0.895E+01  0.000E+00  0.000E+00  0.000E+00  0.000E+00  0.000E+00  0.000E+00  0.000E+00  0.000E+00  0.198E+02
 1985  328      0  0.387E+01  0.703E+02  0.323E+01  0.798E+00  0.183E+00  0.315E+00  0.519E-02  0.143E+00  0.372E+02  0.117E+00  0.483E+00  0.000E+00  0.000E+00  0.000E+00  0.000E+00  0.000E+00  0.000E+00  0.000E+00  0.179E+02
 1985  329      0  0.211E+01  0.512E+02  0.562E+00  0.149E+00  0.156E+00  0.671E-01  0.895E-02  0.344E-01  0.000E+00  0.886E+01  0.300E-02  0.000E+00  0.000E+00  0.000E+00  0.000E+00  0.000E+00  0.000E+00  0.000E+00  0.200E+02
 1985  330      0  0.384E+01  0.698E+02  0.256E+01  0.614E+00  0.119E+00  0.297E+00  0.104E-01  0.127E+00  0.172E+02  0.456E+00  0.146E+00  0.000E+00  0.000E+00  0.000E+00  0.000E+00  0.000E+00  0.000E+00  0.000E+00  0.212E+02
 1985  331      0  0.500E+02  0.191E+03  0.936E+01  0.237E+01  0.170E-01  0.268E+00  0.733E-03  0.142E+00  0.245E+03  0.897E-01  0.185E+03  0.000E+00  0.000E+00  0.000E+00  0.000E+00  0.000E+00  0.000E+00  0.000E+00  0.155E+02
 1985  332      0  0.100E+02  0.988E+02  0.458E+01  0.126E+01  0.636E-01  0.188E+00  0.696E-02  0.105E+00  0.000E+00  0.112E+02  0.786E+01  0.000E+00  0.000E+00  0.000E+00  0.000E+00  0.000E+00  0.000E+00  0.000E+00  0.965E+01
 1985  333      0  0.512E+01  0.744E+02  0.140E+01  0.390E+00  0.112E+00  0.838E-01  0.453E-02  0.446E-01  0.000E+00  0.106E+02  0.146E+00  0.000E+00  0.000E+00  0.000E+00  0.000E+00  0.000E+00  0.000E+00  0.000E+00  0.118E+02
 1985  334      0  0.427E+01  0.717E+02  0.306E+00  0.856E-01  0.132E+00  0.256E-01  0.213E-02  0.128E-01  0.462E-01  0.953E+01  0.166E-01  0.000E+00  0.000E+00  0.000E+00  0.000E+00  0.000E+00  0.000E+00  0.000E+00  0.165E+02
 1985  335      0  0.398E+01  0.668E+02  0.660E-01  0.189E-01  0.134E+00  0.574E-02  0.325E-03  0.242E-02  0.000E+00  0.110E+02  0.339E-02  0.000E+00  0.000E+00  0.000E+00  0.000E+00  0.000E+00  0.000E+00  0.000E+00  0.106E+02
 1985  336      0  0.380E+01  0.690E+02  0.149E-01  0.436E-02  0.134E+00  0.183E-02  0.731E-04  0.537E-03  0.000E+00  0.127E+02  0.725E-03  0.000E+00  0.000E+00  0.000E+00  0.000E+00  0.000E+00  0.000E+00  0.000E+00  0.492E+01
 1985  337      0  0.368E+01  0.668E+02  0.345E-02  0.101E-02  0.133E+00  0.144E-02  0.699E-04  0.214E-03  0.000E+00  0.121E+02  0.955E-04  0.000E+00  0.000E+00  0.000E+00  0.000E+00  0.000E+00  0.000E+00  0.000E+00  0.676E+01
 1985  338      0  0.354E+01  0.644E+02  0.802E-03  0.232E-03  0.132E+00  0.214E-02  0.183E-03  0.185E-03  0.000E+00  0.102E+02  0.000E+00  0.000E+00  0.000E+00  0.000E+00  0.000E+00  0.000E+00  0.000E+00  0.000E+00  0.140E+02
 1985  339      0  0.336E+01  0.667E+02  0.197E-03  0.577E-04  0.131E+00  0.193E-02  0.150E-03  0.132E-03  0.000E+00  0.106E+02  0.000E+00  0.000E+00  0.000E+00  0.000E+00  0.000E+00  0.000E+00  0.000E+00  0.000E+00  0.122E+02
 1985  340      0  0.323E+01  0.642E+02  0.493E-04  0.146E-04  0.129E+00  0.205E-02  0.166E-03  0.239E-04  0.000E+00  0.105E+02  0.000E+00  0.000E+00  0.000E+00  0.000E+00  0.000E+00  0.000E+00  0.000E+00  0.000E+00  0.127E+02
 1985  341      0  0.310E+01  0.615E+02  0.124E-04  0.371E-05  0.127E+00  0.236E-02  0.217E-03  0.160E-04  0.000E+00  0.101E+02  0.000E+00  0.000E+00  0.000E+00  0.000E+00  0.000E+00  0.000E+00  0.000E+00  0.000E+00  0.143E+02
 1985  342      0  0.296E+01  0.587E+02  0.316E-05  0.000E+00  0.125E+00  0.265E-02  0.274E-03  0.000E+00  0.000E+00  0.980E+01  0.000E+00  0.000E+00  0.000E+00  0.000E+00  0.000E+00  0.000E+00  0.000E+00  0.000E+00  0.156E+02
 1985  343      0  0.292E+01  0.579E+02  0.590E-03  0.148E-03  0.126E+00  0.326E-02  0.413E-03  0.334E-03  0.295E-02  0.926E+01  0.180E-03  0.000E+00  0.000E+00  0.000E+00  0.000E+00  0.000E+00  0.000E+00  0.000E+00  0.182E+02
 1985  344      0  0.184E+03  0.316E+03  0.718E+01  0.193E+01  0.519E-01  0.121E+00  0.159E-03  0.811E-01  0.230E+03  0.894E-01  0.229E+03  0.000E+00  0.000E+00  0.000E+00  0.000E+00  0.000E+00  0.000E+00  0.000E+00  0.139E+02
 1985  345      0  0.303E+02  0.159E+03  0.505E+01  0.144E+01  0.756E-01  0.117E+00  0.232E-02  0.803E-01  0.000E+00  0.120E+02  0.752E+02  0.000E+00  0.000E+00  0.000E+00  0.000E+00  0.000E+00  0.000E+00  0.000E+00  0.702E+01
 1985  346      0  0.101E+02  0.100E+03  0.249E+01  0.721E+00  0.105E+00  0.845E-01  0.222E-02  0.550E-01  0.000E+00  0.125E+02  0.368E+01  0.000E+00  0.000E+00  0.000E+00  0.000E+00  0.000E+00  0.000E+00  0.000E+00  0.553E+01
 1985  347      0  0.677E+01  0.867E+02  0.703E+00  0.205E+00  0.122E+00  0.287E-01  0.831E-03  0.182E-01  0.299E-01  0.126E+02  0.137E+00  0.000E+00  0.000E+00  0.000E+00  0.000E+00  0.000E+00  0.000E+00  0.000E+00  0.496E+01
 1985  348      0  0.595E+01  0.810E+02  0.160E+00  0.470E-01  0.125E+00  0.816E-02  0.281E-03  0.470E-02  0.000E+00  0.122E+02  0.955E-02  0.000E+00  0.000E+00  0.000E+00  0.000E+00  0.000E+00  0.000E+00  0.000E+00  0.631E+01
 1985  349      0  0.565E+01  0.821E+02  0.362E-01  0.107E-01  0.125E+00  0.268E-02  0.107E-03  0.120E-02  0.000E+00  0.118E+02  0.112E-02  0.000E+00  0.000E+00  0.000E+00  0.000E+00  0.000E+00  0.000E+00  0.000E+00  0.759E+01
 1985  350      0  0.568E+01  0.773E+02  0.177E-01  0.528E-02  0.125E+00  0.187E-02  0.880E-04  0.870E-03  0.117E+00  0.112E+02  0.572E-02  0.000E+00  0.000E+00  0.000E+00  0.000E+00  0.000E+00  0.000E+00  0.000E+00  0.924E+01
 1985  351      0  0.544E+01  0.790E+02  0.248E-02  0.751E-03  0.123E+00  0.124E-02  0.695E-04  0.208E-03  0.000E+00  0.109E+02  0.215E-03  0.000E+00  0.000E+00  0.000E+00  0.000E+00  0.000E+00  0.000E+00  0.000E+00  0.108E+02
 1985  352      0  0.528E+01  0.767E+02  0.524E-03  0.158E-03  0.121E+00  0.103E-02  0.512E-04  0.991E-04  0.000E+00  0.115E+02  0.000E+00  0.000E+00  0.000E+00  0.000E+00  0.000E+00  0.000E+00  0.000E+00  0.000E+00  0.890E+01
 1985  353      0  0.512E+01  0.743E+02  0.124E-03  0.375E-04  0.119E+00  0.994E-03  0.478E-04  0.656E-04  0.000E+00  0.116E+02  0.000E+00  0.000E+00  0.000E+00  0.000E+00  0.000E+00  0.000E+00  0.000E+00  0.000E+00  0.826E+01
 1985  354      0  0.492E+01  0.767E+02  0.307E-04  0.926E-05  0.118E+00  0.111E-02  0.589E-04  0.148E-04  0.000E+00  0.113E+02  0.000E+00  0.000E+00  0.000E+00  0.000E+00  0.000E+00  0.000E+00  0.000E+00  0.000E+00  0.939E+01
 1985  355      0  0.476E+01  0.741E+02  0.763E-05  0.237E-05  0.116E+00  0.132E-02  0.833E-04  0.000E+00  0.000E+00  0.108E+02  0.000E+00  0.000E+00  0.000E+00  0.000E+00  0.000E+00  0.000E+00  0.000E+00  0.000E+00  0.115E+02
 1985  356      0  0.453E+01  0.705E+02  0.198E-05  0.000E+00  0.114E+00  0.169E-02  0.140E-03  0.000E+00  0.000E+00  0.998E+01  0.000E+00  0.000E+00  0.000E+00  0.000E+00  0.000E+00  0.000E+00  0.000E+00  0.000E+00  0.148E+02
 1985  357      0  0.438E+01  0.734E+02  0.000E+00  0.000E+00  0.113E+00  0.165E-02  0.129E-03  0.000E+00  0.000E+00  0.102E+02  0.000E+00  0.000E+00  0.000E+00  0.000E+00  0.000E+00  0.000E+00  0.000E+00  0.000E+00  0.138E+02
 1985  358      0  0.425E+01  0.713E+02  0.000E+00  0.000E+00  0.111E+00  0.146E-02  0.968E-04  0.000E+00  0.000E+00  0.108E+02  0.000E+00  0.000E+00  0.000E+00  0.000E+00  0.000E+00  0.000E+00  0.000E+00  0.000E+00  0.114E+02
 1985  359      0  0.408E+01  0.685E+02  0.000E+00  0.000E+00  0.109E+00  0.104E-02  0.456E-04  0.000E+00  0.000E+00  0.124E+02  0.000E+00  0.000E+00  0.000E+00  0.000E+00  0.000E+00  0.000E+00  0.000E+00  0.000E+00  0.582E+01
 1985  360      0  0.391E+01  0.710E+02  0.000E+00  0.000E+00  0.107E+00  0.138E-02  0.805E-04  0.000E+00  0.000E+00  0.113E+02  0.000E+00  0.000E+00  0.000E+00  0.000E+00  0.000E+00  0.000E+00  0.000E+00  0.000E+00  0.943E+01
 1985  361      0  0.378E+01  0.688E+02  0.000E+00  0.000E+00  0.105E+00  0.170E-02  0.122E-03  0.000E+00  0.000E+00  0.106E+02  0.000E+00  0.000E+00  0.000E+00  0.000E+00  0.000E+00  0.000E+00  0.000E+00  0.000E+00  0.120E+02
 1985  362      0  0.361E+01  0.657E+02  0.000E+00  0.000E+00  0.103E+00  0.161E-02  0.106E-03  0.000E+00  0.000E+00  0.110E+02  0.000E+00  0.000E+00  0.000E+00  0.000E+00  0.000E+00  0.000E+00  0.000E+00  0.000E+00  0.107E+02
 1985  363      0  0.351E+01  0.639E+02  0.000E+00  0.000E+00  0.102E+00  0.168E-02  0.115E-03  0.000E+00  0.000E+00  0.109E+02  0.000E+00  0.000E+00  0.000E+00  0.000E+00  0.000E+00  0.000E+00  0.000E+00  0.000E+00  0.108E+02
 1985  364      0  0.334E+01  0.663E+02  0.000E+00  0.000E+00  0.998E-01  0.228E-02  0.214E-03  0.000E+00  0.000E+00  0.995E+01  0.000E+00  0.000E+00  0.000E+00  0.000E+00  0.000E+00  0.000E+00  0.000E+00  0.000E+00  0.149E+02
 1985  365      0  0.318E+01  0.630E+02  0.000E+00  0.000E+00  0.979E-01  0.203E-02  0.163E-03  0.000E+00  0.000E+00  0.105E+02  0.000E+00  0.000E+00  0.000E+00  0.000E+00  0.000E+00  0.000E+00  0.000E+00  0.000E+00  0.126E+02
